1	0.0
2	0.7457212311233126
3	0.9134112933102775
4	1.2921167369188817
5	1.3463594954092468
6	0.8320337570278686
7	0.8846986829439936
8	0.9852273391735971
9	0.7131813354912883
10	1.0122334584621386
11	0.9111483205726274
12	1.0116355296372705
13	0.8421301115778008
14	0.8313672300638835
15	0.7497178856432851
16	1.0326019069381818
17	1.3831119548385902
18	0.8230559598842855
19	1.0331229658592902
20	0.7925293590065237
21	0.8554346448599477
22	0.8882091115042237
23	0.7245287438353334
24	1.0353310224393022
25	1.0768382183435272
26	1.0016115040823221
27	0.9065157338686578
28	1.1828690787522036
29	1.1260148764541962
30	1.0375831404014413
31	1.2228123217460232
32	1.3276529289220533
33	1.1519510622573594
34	0.9243366087878092
35	0.8986363695916564
36	0.5696307204973127
37	1.1685953371803968
38	1.0454154612930349
39	0.9633818458658219
40	0.6634672272206369
41	0.8153176776419281
42	0.8819054678667485
43	1.129427191963255
44	1.0943783164735754
45	1.0090393548356942
46	0.8000203119602098
47	1.0313019570621311
48	0.7690456009435901
49	0.7265835532595586
50	0.7875509841269795
51	1.1629755843318808
52	1.2701720137694203
53	1.0771076956735344
54	1.218338678761181
55	1.7919994158076167
56	0.9580322851454055
57	0.8628299608314732
58	0.8798458370070582
59	0.910840928363303
60	0.9578249985496158
61	1.2272197022560412
62	1.1733391296655704
63	1.1429668768220786
