0.003	0.013851579223135414	0.013848193457330299
0.003	0.010611838377637767	0.010608657989181305
0.003	0.008789861356978238	0.008793394268045183
0.003	0.007488549914666939	0.007487812072296914
0.003	0.006651024786073871	0.006651116629223102
0.003	0.0047888803792100415	0.004790002100215967
0.003	0.004359682305262152	0.004358767376833367
0.003	0.0038709424421505046	0.0038749693510231964
0.003	0.0029069406246694427	0.00290934295918995
0.003	0.0009173669035677379	0.000915949940025669
0.003	0.0001355105744336263	0.00013760994735219985
0.003	-0.0016811306520661685	-0.0016870290583385114
0.003	-0.0023779650119772015	-0.00237194180827457
0.003	-0.008079407072103719	-0.008076689807057372
0.006	0.027710016264057082	0.027696386914660608
0.006	0.021229793138625663	0.021217315978362655
0.006	0.017572737897315536	0.017586788536090272
0.006	0.014978526486429973	0.014975624144593793
0.006	0.013301777644563046	0.013302233258446166
0.006	0.009575581428220377	0.009580004200431943
0.006	0.008721226470968645	0.008717534753666637
0.006	0.007733832898496219	0.007749938702046389
0.006	0.005809092912697822	0.005818685918380005
0.006	0.0018376885141130237	0.0018318998800513158
0.006	0.00026673328514885403	0.00027521989470452075
0.006	-0.003350421010530056	-0.0033740581166769885
0.006	-0.004767972402904047	-0.0047438836165491025
0.006	-0.016164155785939816	-0.016153379614114564
0.009	0.0415754385452542	0.04154458037199086
0.009	0.03185349767139667	0.031825973967544045
0.009	0.026348752965630495	0.026380182804135427
0.009	0.022469854701694995	0.02246343621689077
0.009	0.019952127197306213	0.019953349887669263
0.009	0.01436020102434645	0.014370006300647947
0.009	0.013084675841446479	0.01307630213050006
0.009	0.011588677046357859	0.011624908053069618
0.009	0.008706481972519883	0.00872802887757007
0.009	0.0027611465343022994	0.002747849820076976
0.009	0.000393534594580203	0.00041282984205669117
0.009	-0.005007817192646493	-0.005061087175015493
0.009	-0.007170006785552825	-0.007115825424823639
0.009	-0.024254104993437504	-0.02423006942117188
0.012	0.055447970636196775	0.05539277382932114
0.012	0.04248258550455719	0.042434631956725345
0.012	0.035118032181707566	0.03517357707218064
0.012	0.029962457684870093	0.02995124828918744
0.012	0.026601943350313212	0.026604466516892397
0.012	0.019142839288275756	0.01916000840086394
0.012	0.01745006765900773	0.017435069507333437
0.012	0.015435484433135261	0.0154998774040928
0.012	0.011599133609257128	0.011637371836760063
0.012	0.0036879232332939996	0.0036637997601026147
0.012	0.0005157813833794004	0.0005504397894088603
0.012	-0.0066532797052760075	-0.006748116233353988
0.012	-0.009584041036513799	-0.009487767233098136
0.012	-0.03234911114813924	-0.032306759228229016
0.015	0.06932773403372511	0.06924096728665147
0.015	0.053116690513754554	0.05304328994590668
0.015	0.04388070322499153	0.04396697134022575
0.015	0.03745625682626761	0.03743906036148444
0.015	0.03325109725852493	0.033255583146115444
0.015	0.023923598534746043	0.02395001050107995
0.015	0.021817433209758777	0.021793836884166726
0.015	0.01927426842882062	0.019374846755115995
0.015	0.014487074181544594	0.014546714795950034
0.015	0.004618201266169598	0.004579749700128284
0.015	0.0006333412416687279	0.0006880497367611604
0.015	-0.008286782597619757	-0.008435145291692517
0.015	-0.012010037137153876	-0.011859709041372657
0.015	-0.040449028333201985	-0.04038344903528633
0.018	0.08321484694519905	0.08308916074398166
0.018	0.06375544712402254	0.06365194793508797
0.018	0.052636895620699294	0.05276036560827091
0.018	0.044951171912046506	0.04492687243378134
0.018	0.0398994612897669	0.03990669977533858
0.018	0.028702583218140613	0.02874001260129591
0.018	0.026186797975115125	0.026152604261000065
0.018	0.023105046175607637	0.02324981610613922
0.018	0.01737033046145723	0.017456057755140093
0.018	0.0055521634932170815	0.00549569964015392
0.018	0.0007460827604346186	0.0008256596841133253
0.018	-0.009908312684913724	-0.010122174350030913
0.018	-0.014447946944359412	-0.014231650849647209
0.018	-0.048553708289443415	-0.0484601388423437
0.021	0.09710942407458388	0.09693735420131203
0.021	0.07439849050748396	0.07426060592426939
0.021	0.06138674052757734	0.06155375987631608
0.021	0.052447121255842354	0.05241468450607834
0.021	0.046546908988010255	0.04655781640456161
0.021	0.03347989987279579	0.03353001470151187
0.021	0.030558181788698683	0.030511371637833396
0.021	0.02692783853487126	0.027124785457162424
0.021	0.02024892949767454	0.020365400714329986
0.021	0.006489992799687231	0.006411649580179603
0.021	0.0008538758222733465	0.0009632696314655609
0.021	-0.011517868837026954	-0.011809203408369471
0.021	-0.01689771289715891	-0.016603592657921742
0.021	-0.05666300044343926	-0.05653682864940082
0.024	0.11101157641174753	0.11078554765864225
0.024	0.08504545677629442	0.0848692639134507
0.024	0.07013037052743824	0.07034715414436121
0.024	0.05994402183176352	0.05990249657837518
0.024	0.053193315036094715	0.053208933033784725
0.024	0.038255657047917606	0.038320016801727884
0.024	0.03493159899837626	0.034870139014666825
0.024	0.030742670031810238	0.030999754808185596
0.024	0.02312289848207593	0.02327474367352003
0.024	0.007431871916594739	0.0073275995202052805
0.024	0.0009565918907821753	0.0011008795788177868
0.024	-0.01311546132631868	-0.01349623246670793
0.024	-0.019359268664861932	-0.018975534466196306
0.024	-0.06477675193566597	-0.06461351845645802
0.027	0.12492141102516588	0.12463374111597253
0.027	0.09569598317074379	0.09547792190263199
0.027	0.07886791941660201	0.07914054841240645
0.027	0.06744178940846021	0.06739030865067203
0.027	0.05983855521807944	0.0598600496630078
0.027	0.04302996523698021	0.043110018901943895
0.027	0.03930705863322644	0.03922890639150003
0.027	0.034549568797999336	0.03487472415920885
0.027	0.02599226461994369	0.026184086632710046
0.027	0.008377983243228792	0.00824354946023095
0.027	0.001054104297918676	0.00123848952617008
0.027	-0.014701111229491547	-0.015183261525046485
0.027	-0.021832539741889503	-0.021347476274470874
0.027	-0.07289480764864116	-0.07269020826351538
0.03	0.13883903085828186	0.13848193457330285
0.03	0.10634970824238894	0.10608657989181335
0.03	0.0875995219993702	0.08793394268045147
0.03	0.0749403386839089	0.07487812072296897
0.03	0.06648250638132311	0.06651116629223093
0.03	0.04780293680151375	0.047900021002159864
0.03	0.04368456457522486	0.04358767376833341
0.03	0.038348566512048564	0.03874969351023197
0.03	0.028857055003934724	0.02909342959189999
0.03	0.009328508671861123	0.009159499400256624
0.03	0.0011462885286343371	0.0013760994735222305
0.03	-0.01627484987867255	-0.016870290583384996
0.03	-0.02431744399408673	-0.02371941808274543
0.03	-0.08101701023506026	-0.08076689807057248
0.033	0.152764534529694	0.15233012803063317
0.033	0.11700627203213855	0.11669523788099478
0.033	0.09632531388365805	0.09672733694849661
0.033	0.08243958342061761	0.08236593279526588
0.033	0.0731250463984596	0.07316228292145399
0.033	0.05257468588918851	0.052690023102375846
0.033	0.048064115735460704	0.047946441145166774
0.033	0.04213969833852828	0.04262466286125526
0.033	0.031717296491949744	0.032002772551090006
0.033	0.0102836294152324	0.010075449340282198
0.033	0.0012330225021369484	0.001513709420874441
0.033	-0.017836718357290608	-0.018557319641723472
0.033	-0.026813892160921456	-0.026091359891019912
0.033	-0.08914320014594233	-0.0888435878776299
0.036	0.16669801613738477	0.16617832148796338
0.036	0.12766531624317973	0.12730389587017607
0.036	0.10504543127895145	0.1055207312165418
0.036	0.08993943658091523	0.08985374486756277
0.036	0.07976605412936891	0.07981339955067702
0.036	0.057345328346163835	0.05748002520259183
0.036	0.05244570623471086	0.052305208522000095
0.036	0.04592300286533535	0.04649963221227843
0.036	0.034573015589079124	0.034912115510280055
0.036	0.011243525837293853	0.010991399280307896
0.036	0.0013141868491871199	0.0016513193682267083
0.036	-0.019386767036698664	-0.020244348700061934
0.036	-0.029321788317535562	-0.02846330169929446
0.036	-0.09727321565871531	-0.09692027768468704
0.039	0.18063956506718096	0.18002651494529368
0.039	0.1383264844086605	0.13791255385935736
0.039	0.1137600107967339	0.1143141254845869
0.039	0.09743981046201214	0.09734155693985967
0.039	0.08640540938328116	0.08646451617990016
0.039	0.06211498162365933	0.06227002730280782
0.039	0.05682932558818702	0.0566639758988334
0.039	0.04969852203959027	0.05037460156330162
0.039	0.03742423833373155	0.03782145846946999
0.039	0.012208377287672826	0.011907349220333555
0.039	0.0013896651848282948	0.0017889293155788856
0.039	-0.020925055149864143	-0.02193137775840048
0.039	-0.0318410303003417	-0.03083524350756902
0.039	-0.10540689290528601	-0.10499696749174449
0.042	0.1945892658056136	0.19387470840262402
0.042	0.1489894220540614	0.14852121184853873
0.042	0.12246918925355778	0.12310751975263215
0.042	0.10494061683052348	0.1048293690121565
0.042	0.09304299288113543	0.09311563280912323
0.042	0.066883764678766	0.0670600294030238
0.042	0.061214958894312	0.06102274327566676
0.042	0.05346630110218784	0.05424957091432486
0.042	0.040270990188098335	0.04073080142866009
0.042	0.013178361940305385	0.012823299160359175
0.042	0.0014593443760238629	0.001926539262931154
0.042	-0.0224516503987361	-0.023618406816738897
0.042	-0.03437151009945155	-0.033207185315843574
0.042	-0.11354406590003158	-0.11307365729880178
0.045	0.20854719775733663	0.20772290185995412
0.045	0.15965377685415744	0.15912986983772
0.045	0.13117310347689926	0.13190091402067725
0.045	0.11244176705613101	0.11231718108445356
0.045	0.09967868621828865	0.09976674943834635
0.045	0.07165179786951743	0.07185003150323979
0.045	0.06560258702730641	0.0653815106525001
0.045	0.057226388521065735	0.05812454026534803
0.045	0.04311329593305152	0.043640144387850056
0.045	0.014153656636616893	0.013739249100384864
0.045	0.001523114803671847	0.0020641492102833896
0.045	-0.023966628592217803	-0.025305435875077404
0.045	-0.0369131142209883	-0.03557912712411811
0.045	-0.12168456656773184	-0.1211503471058589
0.048	0.2225134350672682	0.22157109531728444
0.048	0.17031919878450208	0.16973852782690135
0.048	0.13987189011400486	0.14069430828872248
0.048	0.11994317224409395	0.11980499315675042
0.048	0.10631237182768716	0.10641786606756941
0.048	0.0764192028442973	0.07664003360345573
0.048	0.06999218683342386	0.06974027802933339
0.048	0.0609788359232466	0.061999509616371205
0.048	0.045951179567596166	0.04654948734704007
0.048	0.015134436733593283	0.014655199040410537
0.048	0.0015808706185315039	0.002201759157635599
0.048	-0.025470073311961303	-0.026992464933415932
0.048	-0.039465724022017895	-0.03795106893239265
0.048	-0.12982822477142292	-0.1292270369129161
0.051000000000000004	0.23648804644758262	0.2354192887746149
0.051000000000000004	0.18098534026739033	0.18034718581608275
0.051000000000000004	0.14856568544386078	0.14948770255676758
0.051000000000000004	0.12744474336628744	0.12729280522904732
0.051000000000000004	0.11294393294360759	0.11306898269679257
0.051000000000000004	0.08118610242567409	0.08143003570367172
0.051000000000000004	0.07438373133061875	0.07409904540616677
0.051000000000000004	0.06472369802571319	0.06587447896739444
0.051000000000000004	0.04878466421297754	0.049458830306230106
0.051000000000000004	0.01612087595708706	0.015571148980436187
0.051000000000000004	0.0016325099906227903	0.0023393691049877824
0.051000000000000004	-0.026962075603399454	-0.02867949399175441
0.051000000000000004	-0.04202921602057935	-0.04032301074066722
0.051000000000000004	-0.13797486834014877	-0.13730372671997335
0.054	0.2504710950097088	0.2492674822319452
0.054	0.19165185631222587	0.19095584380526398
0.054	0.15725462519251185	0.15828109682481273
0.054	0.13494639139051232	0.13478061730134422
0.054	0.11957325356606431	0.1197200993260156
0.054	0.08595262048883272	0.08622003780388773
0.054	0.07877718991143351	0.07845781278300006
0.054	0.06846103256515085	0.06974944831841763
0.054	0.05161377202154823	0.052368173265420016
0.054	0.017113146260612635	0.016487098920461844
0.054	0.0016779353517049746	0.002476979052340025
0.054	-0.028442733689697932	-0.030366523050092922
0.054	-0.0446034621830755	-0.042694952548941775
0.054	-0.14612432309661072	-0.14538041652703063
0.056999999999999995	0.264462638101415	0.2631156756892754
0.056999999999999995	0.20231840465025377	0.20156450179444524
0.056999999999999995	0.1659388443518452	0.16707449109285777
0.056999999999999995	0.14244802740774926	0.1422684293736411
0.056999999999999995	0.12620021842595466	0.12637121595523865
0.056999999999999995	0.09071888183473863	0.09101003990410371
0.056999999999999995	0.08317252854884503	0.08281658015983344
0.056999999999999995	0.07219090022656188	0.07362441766944085
0.056999999999999995	0.054438524090459905	0.05527751622461006
0.056999999999999995	0.01811141768987356	0.017403048860487446
0.056999999999999995	0.0017170536304495913	0.0026145889996922376
0.056999999999999995	-0.029912152706521075	-0.03205355210843136
0.056999999999999995	-0.04718833019107007	-0.04506689435721629
0.056999999999999995	-0.15427641288469565	-0.1534571063340879
0.06	0.2784627271491128	0.27696386914660565
0.06	0.21298464586361274	0.21217315978362675
0.06	0.17461847700206243	0.17586788536090295
0.06	0.14994956275711477	0.14975624144593797
0.06	0.13282471295104392	0.13302233258446183
0.06	0.09548501205827743	0.09580004200431974
0.06	0.0875697100048104	0.0871753475366668
0.06	0.07591336457077877	0.07749938702046405
0.06	0.057258940380267916	0.05818685918380009
0.06	0.019115858253211968	0.018318998800513138
0.06	0.001749776479989162	0.0027521989470445005
0.06	-0.03137044445565777	-0.033740581166769874
0.06	-0.04978368368934234	-0.04743883616549081
0.06	-0.16243095959689244	-0.16153379614114521
0.063	0.29247140750548123	0.2908120626039359
0.063	0.22365024350868803	0.22278181777280798
0.063	0.18329365613798632	0.18466127962894807
0.063	0.1574509091482296	0.15724405351823498
0.063	0.1394466232328694	0.13967344921368485
0.063	0.10025113741161883	0.10059004410453568
0.063	0.09196869404122894	0.09153411491350007
0.063	0.07962849196088843	0.08137435637148717
0.063	0.060075039638527374	0.06109620214299015
0.063	0.02012663379816138	0.01923494874053887
0.063	0.0017760204975526685	0.0028898088943967587
0.063	-0.03281772717573829	-0.035427610225108354
0.063	-0.05238938251685471	-0.04981077797376529
0.063	-0.17058778320154067	-0.1696104859482024
0.066	0.30648871830245344	0.3046602560612663
0.066	0.23431486423372808	0.23339047576198943
0.066	0.19196451349938456	0.1934546738969933
0.066	0.16495197878076445	0.16473186559053182
0.066	0.1460658359946224	0.14632456584290804
0.066	0.10501738466309488	0.10538004620475168
0.066	0.09636943763296454	0.09589288229033346
0.066	0.083336351487547	0.08524932572251046
0.066	0.06288683932841731	0.06400554510218008
0.066	0.02114390789420832	0.020150898680564466
0.066	0.001795707435902027	0.0030274188417488902
0.066	-0.03425412532844104	-0.037114639283446896
0.066	-0.0550052829221853	-0.05218271978203994
0.066	-0.17874670176995988	-0.17768717575525972
0.069	0.320514692309691	0.3185084495185965
0.069	0.24497817789072326	0.24399913375117074
0.069	0.20063117940547096	0.20224806816503846
0.069	0.17245268446090622	0.17221967766282886
0.069	0.15268223856008883	0.15297568247213106
0.069	0.10978388095193806	0.1101700483049677
0.069	0.10077189518261831	0.10025164966716676
0.069	0.0870370148932083	0.08912429507353366
0.069	0.06569435556246608	0.06691488806137011
0.069	0.02216784172185614	0.021066848620590127
0.069	0.0018087644063588069	0.0031650287891011575
0.069	-0.03567976939869385	-0.03880166834178536
0.069	-0.05763123776475212	-0.0545546615903144
0.069	-0.18690753150340034	-0.1857638655623169
0.072	0.3345493557985632	0.33235664297592676
0.072	0.2556398576415375	0.2546077917403521
0.072	0.20929378259374024	0.21104146243308358
0.072	0.17995293971451307	0.17970748973512557
0.072	0.15929571882371035	0.15962679910135402
0.072	0.1145507536392311	0.1149600504051836
0.072	0.1051760187366263	0.10461041704400013
0.072	0.09073055649523974	0.09299926442455678
0.072	0.06849760304139976	0.06982423102056003
0.072	0.023198593968051077	0.021982798560615812
0.072	0.0018151240731937724	0.003302638736453379
0.072	-0.03709479570752116	-0.040488697400123876
0.072	-0.06026709670311793	-0.056926603398588925
0.072	-0.19507008675983847	-0.19384055536937433
0.075	0.3485927284116967	0.34620483643325706
0.075	0.26629958005828164	0.2652164497295334
0.075	0.2179524500633154	0.2198348567011287
0.075	0.18745265889674273	0.1871953018074226
0.075	0.16590616522181417	0.1662779157305773
0.075	0.11931813015550384	0.11975005250539966
0.075	0.10958175820230721	0.10896918442083356
0.075	0.09441705310792728	0.09687423377558009
0.075	0.07129659499817191	0.07273357397975005
0.075	0.024236320727991253	0.022898748500641494
0.075	0.0018147248392387065	0.0034402486838055802
0.075	-0.038499346236278056	-0.04217572645846234
0.075	-0.06291270637145152	-0.05929854520686353
0.075	-0.20323418008057784	-0.20191724517643148
0.078	0.36264482303813605	0.36005302989058735
0.078	0.27695702521797705	0.2758251077187147
0.078	0.22660730692291972	0.22862825096917397
0.078	0.19495175729795367	0.19468311387971948
0.078	0.17251346670508008	0.1729290323598003
0.078	0.12408613784539389	0.12454005460561565
0.078	0.11398906156539282	0.11332795179766676
0.078	0.0980965839633648	0.10074920312660329
0.078	0.07409134314716717	0.07564291693894012
0.078	0.025281175413316155	0.023814698440667127
0.078	0.0018075110225172076	0.0035778586311577595
0.078	-0.039893568461125906	-0.043862755516800876
0.078	-0.06556791054520546	-0.06167048701513806
0.078	-0.21139962221668188	-0.20999393498348864
0.081	0.37670564569412635	0.37390122334791775
0.081	0.2876118767914704	0.28643376570789597
0.081	0.23525847624365137	0.23742164523721904
0.081	0.202450151245663	0.20217092595201638
0.081	0.1791175127122686	0.17958014898902344
0.081	0.12885490380986891	0.12933005670583161
0.081	0.11839787510757727	0.11768671917450016
0.081	0.10176923063121451	0.10462417247762647
0.081	0.07688185763862096	0.07855225989813013
0.081	0.026333308666633557	0.024730648380692787
0.081	0.0017934330238172644	0.0037154685785100476
0.081	-0.04127761519669138	-0.04554978457513935
0.081	-0.06823255029689926	-0.06404242882341259
0.081	-0.2195662221551947	-0.21807062479054598
0.084	0.39077519540955974	0.387749416805248
0.084	0.29826382212670516	0.2970424236970773
0.084	0.24390607891667462	0.24621503950526424
0.084	0.2099477582024322	0.20965873802431323
0.084	0.1857181931452853	0.18623126561824657
0.084	0.13362455474650936	0.13412005880604758
0.084	0.1228081436236207	0.12204548655133353
0.084	0.10543507693733967	0.10849914182864963
0.084	0.07966814701824615	0.0814616028573201
0.084	0.027392868282340936	0.025646598320718503
0.084	0.0017724474850585336	0.0038530785258622385
0.084	-0.04265164444790719	-0.04723681363347789
0.084	-0.07090646414286349	-0.0664143706316871
0.084	-0.2277337871451612	-0.22614731459760343
0.087	0.4048534641200484	0.4015976102625782
0.087	0.30891255232629056	0.3076510816862589
0.087	0.252550233515945	0.2550084337733094
0.087	0.217444496859454	0.21714655009661019
0.087	0.1923153983455727	0.19288238224746962
0.087	0.1383952167883835	0.13891006090626362
0.087	0.12721981063743226	0.12640425392816682
0.087	0.10909420888129605	0.11237411117967282
0.087	0.0824502181920588	0.0843709458165101
0.087	0.02845999913362603	0.026562548260744164
0.087	0.0017445174383822475	0.003990688473214422
0.087	-0.0440158192691407	-0.0489238426918163
0.087	-0.07358948818169328	-0.06878631243996171
0.087	-0.23590212272344513	-0.23422400440466062
0.09	0.4189404365646862	0.4154458037199085
0.09	0.31955776231951005	0.31825973967543997
0.09	0.26119105616612026	0.26380182804135444
0.09	0.22494028722575887	0.22463436216890711
0.09	0.19890901907192296	0.1995334988766927
0.09	0.14316701534208276	0.14370006300647958
0.09	0.13163281861666423	0.1307630213050002
0.09	0.11274671455271597	0.11624908053069602
0.09	0.08522807639641937	0.0872802887757001
0.09	0.029534843105591853	0.02747849820076977
0.09	0.0017096124458968953	0.004128298420566724
0.09	-0.04537030762971732	-0.050610871750154836
0.09	-0.07628145622508044	-0.07115825424823621
0.09	-0.24407103274029673	-0.2423006942117177
0.093	0.43303609018940126	0.4292939971772388
0.093	0.33019915092873703	0.3288683976646214
0.093	0.2698286604156986	0.2725952223093997
0.093	0.23243505071286238	0.23212217424120393
0.093	0.20549894647966954	0.20618461550591574
0.093	0.14794007492547137	0.1484900651066956
0.093	0.13604710918520144	0.13512178868183344
0.093	0.11639268404653706	0.1201240498817193
0.093	0.08800172517321299	0.09018963173489015
0.093	0.030617539034327217	0.02839444814079542
0.093	0.0016677087299816634	0.00426590836791894
0.093	-0.04671528228508921	-0.0522979008084933
0.093	-0.0789821999216831	-0.07353019605651072
0.093	-0.2522403193847181	-0.250377384018775
0.096	0.4471403950559598	0.4431421906345692
0.096	0.34083642093036765	0.33947705565380265
0.096	0.2784631571155571	0.28138861657744485
0.096	0.2399287102147681	0.23960998631350078
0.096	0.212085072101343	0.2128357321351389
0.096	0.15271451900577301	0.1532800672069115
0.096	0.14046262333303303	0.13948055605866685
0.096	0.12003220937713621	0.12399901923274248
0.096	0.09077116635019403	0.09309897469408016
0.096	0.03170822265182243	0.029310398080821125
0.096	0.0016187892941451577	0.00440351831527116
0.096	-0.04805092065285549	-0.05398492986683181
0.096	-0.08169154887455593	-0.07590213786478528
0.096	-0.2604097832095773	-0.25845407382583246
0.099	0.461253313756532	0.4569903840918995
0.099	0.351469279110311	0.35008571364298413
0.099	0.2870946543028937	0.29018201084549006
0.099	0.2474211901832105	0.24709779838579773
0.099	0.21866728782876782	0.21948684876436195
0.099	0.15749046983856047	0.15807006930712755
0.099	0.14487930162289	0.1438393234355001
0.099	0.12366538439136336	0.1278739885837656
0.099	0.0935364000264141	0.09600831765327023
0.099	0.032807026536548996	0.030226348020846734
0.099	0.0015628440343616768	0.0045411282626233755
0.099	-0.049377404692938616	-0.0556719589251703
0.099	-0.08440933075267547	-0.07827407967305984
0.099	-0.26857922315647176	-0.2665307636328895
0.10200000000000001	0.47537480133379867	0.47083857754922964
0.10200000000000001	0.3620974363141061	0.36069437163216544
0.10200000000000001	0.2957232570907113	0.2989754051135351
0.10200000000000001	0.2549124166980722	0.2545856104580947
0.10200000000000001	0.225245485896626	0.22613796539358502
0.10200000000000001	0.16226804830828095	0.16286007140734352
0.10200000000000001	0.14929708439310307	0.14819809081233357
0.10200000000000001	0.12729230468048613	0.1317489579347889
0.10200000000000001	0.09629742456269723	0.09891766061246021
0.10200000000000001	0.03391408006955088	0.031142297960872478
0.10200000000000001	0.0014998698408616791	0.00467873820997555
0.10200000000000001	-0.05069492079125802	-0.05735898798350886
0.10200000000000001	-0.08713537139702142	-0.0806460214813343
0.10200000000000001	-0.27674843658034287	-0.2746074534399469
0.105	0.4895048052065784	0.48468677100656005
0.105	0.3727206074917681	0.37130302962134676
0.105	0.30434906756286834	0.30776879938158025
0.105	0.2624023175329087	0.2620734225303915
0.105	0.23181955886752068	0.23278908202280812
0.105	0.16704737377091378	0.16765007350755953
0.105	0.15371591195609732	0.1525568581891669
0.105	0.13091306749110748	0.13562392728581202
0.105	0.09905423657710935	0.10182700357165014
0.105	0.03502950939586447	0.032058247900898076
0.105	0.0014298706903638095	0.00481634815732786
0.105	-0.05200365964622952	-0.05904601704184722
0.105	-0.08986949492161672	-0.08301796328960893
0.105	-0.28491721927381636	-0.2826841432470041
0.108	0.5036432651008591	0.49853496446389023
0.108	0.3833385117373951	0.38191168761052807
0.108	0.31297218467472815	0.3165621936496254
0.108	0.26989082221550326	0.26956123460268844
0.108	0.2383893996184861	0.23944019865203123
0.108	0.17182856389933832	0.17244007560777544
0.108	0.15813572479192692	0.15691562556600025
0.108	0.13452777163504073	0.13949889663683532
0.108	0.10180683094531795	0.10473634653084013
0.108	0.03615343739104945	0.03297419784092363
0.108	0.0013528577286782348	0.0049539581046800524
0.108	-0.053303816157534406	-0.060733046100185775
0.108	-0.09261152380994955	-0.08538990509788341
0.108	-0.29308536549129016	-0.29076083305406136
0.111	0.5177901129862498	0.5123831579212206
0.111	0.3939508723236801	0.39252034559970944
0.111	0.3215927041595063	0.3253555879176706
0.111	0.277377862083481	0.27704904667498526
0.111	0.24495490132901604	0.2460913152812543
0.111	0.17661173453203868	0.1772300777079915
0.111	0.16255646373634391	0.16127439294283358
0.111	0.13813651739823113	0.1433738659878585
0.111	0.10455520080581136	0.10764568949003012
0.111	0.03728598363268866	0.033890147780949426
0.111	0.0012688493437056773	0.005091568052032243
0.111	-0.054595589316527506	-0.06242007515852434
0.111	-0.09536127900707952	-0.087761846906158
0.111	-0.30125266797272615	-0.2988375228611187
0.11399999999999999	0.5319452730177208	0.5262313513785508
0.11399999999999999	0.4045574167313821	0.4031290035888907
0.11399999999999999	0.3302107184402675	0.33414898218571576
0.11399999999999999	0.28486337033491244	0.2845368587472823
0.11399999999999999	0.25151595747055794	0.2527424319104774
0.11399999999999999	0.18139699952569102	0.18202007980820734
0.11399999999999999	0.16697807016281332	0.16563316031966685
0.11399999999999999	0.14173940644875715	0.1472488353388816
0.11399999999999999	0.10729933756985097	0.11055503244922021
0.11399999999999999	0.03842726437661733	0.034806097720975065
0.11399999999999999	0.0011778712287795292	0.005229177999384482
0.11399999999999999	-0.055879182097738414	-0.06410710421686283
0.11399999999999999	-0.09811858000776223	-0.09013378871443252
0.11399999999999999	-0.30941891796714965	-0.30691421266817587
0.11699999999999999	0.5461086614826015	0.5400795448358809
0.11699999999999999	0.4151578766738596	0.41373766157807224
0.11699999999999999	0.33882631654762846	0.34294237645376074
0.11699999999999999	0.29234728207392735	0.292024670819579
0.11699999999999999	0.25807246179747834	0.2593935485397005
0.11699999999999999	0.1861844706121814	0.18681008190842338
0.11699999999999999	0.17140048615797532	0.16999192769650026
0.11699999999999999	0.14533654174394162	0.1511238046899048
0.11699999999999999	0.11003923093606247	0.11346437540841012
0.11699999999999999	0.039577392537660974	0.035722047661000664
0.11699999999999999	0.0010799564363148128	0.005366787946736708
0.11699999999999999	-0.05715480135095359	-0.06579413327520127
0.11699999999999999	-0.10088324494090128	-0.09250573052270708
0.11699999999999999	-0.31758390525588276	-0.3149909024752331
0.12	0.5602801867527305	0.5539277382932115
0.12	0.4257519881167709	0.42434631956725344
0.12	0.3474395840431527	0.351735770721806
0.12	0.29982953435136794	0.299512482891876
0.12	0.2646243083394956	0.2660446651689236
0.12	0.1909742572605996	0.19160008400863937
0.12	0.17582365469006028	0.17435069507333356
0.12	0.14892802743668115	0.15499877404092807
0.12	0.11277486890958095	0.1163737183676002
0.12	0.04073647767473254	0.03663799760102636
0.12	0.0009751454217699797	0.005504397894088881
0.12	-0.05842265769332493	-0.06748116233353976
0.12	-0.10365509065054881	-0.09487767233098159
0.12	-0.3257474181754291	-0.3230675922822905
0.12299999999999998	0.5744597492417001	0.5677759317505415
0.12299999999999998	0.4363394912930479	0.43495497755643453
0.12299999999999998	0.356050602948428	0.3605291649898511
0.12299999999999998	0.30731006620049733	0.30700029496417286
0.12299999999999998	0.27117139139555785	0.2726957817981467
0.12299999999999998	0.19576646654467744	0.19639008610885525
0.12299999999999998	0.18024751976978157	0.1787094624501668
0.12299999999999998	0.15251396878102583	0.1588737433919512
0.12299999999999998	0.11550623782559619	0.11928306132679008
0.12299999999999998	0.041904625980012905	0.03755394754105193
0.12299999999999998	0.0008634860778428517	0.005642007841441089
0.12299999999999998	-0.05968296540102613	-0.06916819139187826
0.12299999999999998	-0.10643393277372981	-0.09724961413925608
0.12299999999999998	-0.3339092436400931	-0.33114428208934754
0.126	0.5886472413670909	0.5816241252078719
0.126	0.4469201307132393	0.44556363554561607
0.126	0.36465945167980274	0.36932255925789614
0.126	0.3147888186678219	0.31448810703647
0.126	0.27771360552915425	0.27934689842736976
0.126	0.200561203016157	0.20118008820907143
0.126	0.18467202660329166	0.18306822982700022
0.126	0.15609447203711788	0.1627487127429745
0.126	0.11823332237721416	0.12219240428598024
0.126	0.04308194027206219	0.03846989748107771
0.126	0.0007450337589108939	0.0057796177887934445
0.126	-0.060935942299943736	-0.07085522045021679
0.126	-0.10921958581527645	-0.0996215559475307
0.126	-0.34206916716423763	-0.3392209718964049
0.129	0.6028425475176103	0.5954723186652022
0.129	0.45749365517134166	0.4561722935347973
0.129	0.3732662049887468	0.3781159535259416
0.129	0.32226573483908605	0.3219759191087669
0.129	0.2842508455650272	0.2859980150565929
0.129	0.20535856858448243	0.20597009030928742
0.129	0.18909712173679957	0.18742699720383355
0.129	0.15966964437554942	0.16662368209399764
0.129	0.12095610564746075	0.1251017472451702
0.129	0.04426851999260786	0.039385847421103355
0.129	0.0006198512956384883	0.005917227736145623
0.129	-0.062181809654965725	-0.07254224950855524
0.129	-0.11201186321989683	-0.10199349775580521
0.129	-0.35022697288423615	-0.3472976617034621
0.132	0.6170455440250424	0.6093205121225325
0.132	0.46805981774622	0.4667809515239788
0.132	0.3818709339077861	0.38690934779398656
0.132	0.32974075986051293	0.32946373118106365
0.132	0.2907830065872684	0.292649131685816
0.132	0.2101586624032138	0.2107600924095033
0.132	0.1935227531924931	0.19178576458066685
0.132	0.16323959378125266	0.17049865144502097
0.132	0.1236745691453084	0.1280110902043603
0.132	0.04546446120683786	0.04030179736112896
0.132	0.0004880089997180185	0.006054837683497822
0.132	-0.06342079205736581	-0.07422927856689376
0.132	-0.11481057744164035	-0.10436543956407976
0.132	-0.3583824435800845	-0.3553743515105192
0.135	0.631256099140926	0.6231687055798628
0.135	0.4786183757987478	0.47738960951316
0.135	0.39047370570197254	0.3957027420620317
0.135	0.33721384095539797	0.33695154325336063
0.135	0.2973099839387728	0.29930024831503904
0.135	0.2149615807634937	0.21555009450971935
0.135	0.1979488705954885	0.19614453195750026
0.135	0.16680442895701325	0.17437362079604407
0.135	0.12638869284557058	0.13092043316355015
0.135	0.04666985660698008	0.04121774730115473
0.135	0.0003495846587060715	0.006192447630850096
0.135	-0.06465311730986228	-0.07591630762523226
0.135	-0.11761554001093351	-0.1067373813723543
0.135	-0.3665353606966583	-0.3634510413175766
0.138	0.6454740730178272	0.6370168990371932
0.138	0.4891690909647543	0.48799826750234154
0.138	0.3990745838258015	0.40449613633007697
0.138	0.3446849274361325	0.34443935532565745
0.138	0.3038316732220073	0.30595136494426217
0.138	0.21976741699484448	0.22034009660993528
0.138	0.20237542529150454	0.20050329933433364
0.138	0.17036425922672063	0.1782485901470673
0.138	0.12909845523250219	0.13382977612274016
0.138	0.047884795518976876	0.04213369724118031
0.138	0.00020466352088248824	0.0063300575782022535
0.138	-0.06587901630890328	-0.07760333668357074
0.138	-0.12042656159932326	-0.10910932318062887
0.138	-0.3746855043646097	-0.37152773112463416
0.141	0.6596993176951426	0.6508650924945234
0.141	0.4997117291439262	0.4986069254915227
0.141	0.4076736278855042	0.4132895305981221
0.141	0.3521539707117938	0.3519271673979544
0.141	0.31034797030106703	0.31260248157348514
0.141	0.22457626137353962	0.22513009871015127
0.141	0.20680237045508276	0.20486206671116697
0.141	0.17391919443845727	0.18212355949809042
0.141	0.13180383334692572	0.13673911908193026
0.141	0.04910936391205355	0.04304964718120602
0.141	5.3338270073697404e-05	0.0064676675255544635
0.141	-0.06709872292375962	-0.07929036574190929
0.141	-0.12324345208209503	-0.11148126498890339
0.141	-0.38283265342092254	-0.3796044209316912
0.144	0.6739316770893176	0.6647132859518534
0.144	0.5102460604847535	0.5092155834807042
0.144	0.41627089360665975	0.42208292486616705
0.144	0.3596209242914236	0.3594149794702513
0.144	0.3168587713049879	0.31925359820270827
0.144	0.22938820103875587	0.2299201008103673
0.144	0.2112296611881852	0.20922083408800032
0.144	0.1774693448675705	0.1859985288491137
0.144	0.13450480283674668	0.13964846204112016
0.144	0.050343644410999984	0.04396559712123171
0.144	-0.00010429100959460783	0.006605277472906713
0.144	-0.06831247387200011	-0.08097739480024775
0.144	-0.12606602059884306	-0.11385320679717789
0.144	-0.39097658542905506	-0.38768111073874845
0.147	0.688170986988371	0.6785614794091841
0.147	0.5207718593656583	0.5198242414698854
0.147	0.4248664328069922	0.4308763191342123
0.147	0.3670857437831258	0.3669027915425481
0.147	0.323363972632266	0.3259047148319314
0.147	0.23420331991661553	0.23471010291058333
0.147	0.21565725460903323	0.2135796014648336
0.147	0.18101482111983247	0.18987349820013688
0.147	0.13720133801063453	0.14255780500031023
0.147	0.051587716310987915	0.04488154706125727
0.147	-0.00026811687911730444	0.006742887420258904
0.147	-0.06952050859096276	-0.08266442385858627
0.147	-0.12889407561215005	-0.11622514860545245
0.147	-0.39911707669872454	-0.39575780054580584
0.15	0.7024170750506195	0.6924096728665141
0.15	0.5312889043723924	0.5304328994590668
0.15	0.4334602933742752	0.43966971340225747
0.15	0.3745483868891374	0.37439060361484505
0.15	0.3298634709565313	0.33255583146115447
0.15	0.23902169865223818	0.23950010501079927
0.15	0.22008510993114389	0.21793836884166698
0.15	0.1845557340348271	0.1937484675511601
0.15	0.13989341189470564	0.14546714795950022
0.15	0.052841655594718484	0.045797497001282994
0.15	-0.00043802460024790424	0.006880497367611218
0.15	-0.07072306910483554	-0.08435145291692468
0.15	-0.1317274249644702	-0.11859709041372703
0.15	-0.4072539023052923	-0.40383449035286306
0.153	0.7166697608075149	0.7062578663238445
0.153	0.5417969782718618	0.5410415574482482
0.153	0.44205251924923444	0.44846310767030273
0.153	0.382008813397024	0.38187841568714187
0.153	0.33635716323336334	0.33920694809037766
0.153	0.2438434145498268	0.24429010711101518
0.153	0.22451318853254085	0.22229713621850036
0.153	0.1880921945897143	0.19762343690218329
0.153	0.14258099629201776	0.14837649091869026
0.153	0.05410553495178057	0.046713446941308655
0.153	-0.0006138922014108954	0.007018107314963408
0.153	-0.07192039988695167	-0.08603848197526322
0.153	-0.1345658759332841	-0.12096903222200157
0.153	-0.4153868361087239	-0.41191118015991984
0.156	0.7309288556704816	0.7201060597811748
0.156	0.5522958679824647	0.5516502154374295
0.156	0.45064315041333536	0.45725650193834777
0.156	0.38946698516718187	0.3893662277594389
0.156	0.3428449467081727	0.34585806471960073
0.156	0.2486685415208007	0.24908010921123128
0.156	0.2289414540151696	0.22665590359533355
0.156	0.19162431380350053	0.20149840625320647
0.156	0.14526406184467153	0.15128583387788017
0.156	0.055379423800005934	0.04762939688133425
0.156	-0.0007955905539690888	0.007155717262315663
0.156	-0.07311274771696802	-0.08772551103360166
0.156	-0.13740923528465201	-0.12334097403027611
0.156	-0.42351565077214515	-0.41998786996697757
0.159	0.7451941629416292	0.733954253238505
0.159	0.5627853645410545	0.5622588734266109
0.159	0.45923222288130616	0.466049896206393
0.159	0.3969228661167767	0.3968540398317358
0.159	0.3493267189250945	0.35250918134882375
0.159	0.2534971500398939	0.2538701113114472
0.159	0.23336987225457134	0.231014670972167
0.159	0.1951522026419576	0.20537337560422977
0.159	0.14794257809830152	0.1541951768370702
0.159	0.05666338830868952	0.048545346821359824
0.159	-0.0009829834589123408	0.007293327209667848
0.159	-0.07430036153257931	-0.08941254009194022
0.159	-0.14025730932522953	-0.12571291583855063
0.159	-0.4316401177799735	-0.4280645597740347
0.162	0.7594654778282872	0.7478024466958352
0.162	0.5732652630666722	0.5728675314157919
0.162	0.4678197686983344	0.47484329047443796
0.162	0.4043764222003604	0.40434185190403277
0.162	0.35580237773688644	0.35916029797804677
0.162	0.2583293071091711	0.2586601134116632
0.162	0.23779841143998492	0.2353734383490003
0.162	0.19867597192337172	0.2092483449552529
0.162	0.1506165135687949	0.1571045197962602
0.162	0.057957491423536095	0.049461296761385526
0.162	-0.0011759277439825995	0.007430937157020075
0.162	-0.07548349227541698	-0.0910995691502787
0.162	-0.14310990395279719	-0.12808485764682515
0.162	-0.4397600074555787	-0.43614124958109207
0.165	0.7737425874611974	0.7616506401531655
0.165	0.5837353627211183	0.5834761894049735
0.165	0.47640581594172154	0.48363668474248345
0.165	0.41182762138728973	0.41182966397632964
0.165	0.36227182131571195	0.36581141460727007
0.165	0.2631650762297796	0.2634501155118792
0.165	0.24222704210496346	0.2397322057258337
0.165	0.20219573222523432	0.21312331430627612
0.165	0.1532858358109695	0.16001386275545032
0.165	0.059261792893157125	0.05037724670141131
0.165	-0.0013742733713422944	0.007568547104372328
0.165	-0.07666239273087455	-0.0927865982086172
0.165	-0.14596682470541547	-0.1304567994550997
0.165	-0.44787508897852	-0.4442179393881493
0.168	0.788025270916314	0.7754988336104962
0.168	0.5941954666665153	0.5940848473941549
0.168	0.48499038872693145	0.4924300790105283
0.168	0.4192764336361755	0.4193174760486268
0.168	0.3687349481648197	0.37246253123649303
0.168	0.2680045173812976	0.2682401176120953
0.168	0.2466557371487709	0.24409097310266703
0.168	0.20571159379206677	0.21699828365729928
0.168	0.15595051148904449	0.16292320571464033
0.168	0.06057634929702087	0.05129319664143695
0.168	-0.0015778635557720298	0.0077061570517245595
0.168	-0.07783731736152896	-0.09447362726695567
0.168	-0.1488278768092291	-0.13282874126337418
0.168	-0.45598513040128635	-0.4522946291952066
0.17099999999999999	0.8023132992400858	0.7893470270678262
0.17099999999999999	0.6046453820199429	0.604693505383336
0.17099999999999999	0.4935735072178532	0.5012234732785736
0.17099999999999999	0.4267228308665357	0.4268052881209234
0.17099999999999999	0.3751916571310154	0.3791136478657161
0.17099999999999999	0.2728476870084551	0.2730301197123111
0.17099999999999999	0.25108447184874155	0.24844974047950033
0.17099999999999999	0.20922366644451582	0.22087325300832247
0.17099999999999999	0.15861050644866886	0.16583254867383027
0.17099999999999999	0.06190121407469487	0.052209146581462564
0.17099999999999999	-0.0017865348934557339	0.007843766999076832
0.17099999999999999	-0.07900852213393292	-0.0961606563252942
0.17099999999999999	-0.1516928652249897	-0.1352006830716488
0.17099999999999999	-0.46408989866556644	-0.4603713190022638
0.174	0.8166064354781362	0.8031952205251565
0.174	0.6150849198052628	0.6153021633725173
0.174	0.5021551876411542	0.5100168675466185
0.174	0.4341667869278696	0.4342931001932202
0.174	0.3816418474178962	0.3857647644949392
0.174	0.27769463801500066	0.2778201218125271
0.174	0.25551322386388736	0.2528085078563335
0.174	0.21273205948989446	0.22474822235934566
0.174	0.16126578579028805	0.1687418916330202
0.174	0.06323643755628008	0.05312509652148827
0.174	-0.002000117501356432	0.007981376946428963
0.174	-0.0801762643385161	-0.09784768538363268
0.174	-0.15456159469336112	-0.13757262487992328
0.174	-0.47218915961801733	-0.4684480088093211
0.177	0.8309044347072242	0.8170434139824866
0.177	0.6255138949022365	0.6259108213616987
0.177	0.5107354423045676	0.5188102618146639
0.177	0.4416082775663257	0.4417809122655173
0.177	0.38808541859977613	0.3924158811241623
0.177	0.2825454197644317	0.28261012391274315
0.177	0.25994197323004004	0.257167275233167
0.177	0.21623688163431026	0.22862319171036896
0.177	0.16391631394364412	0.1716512345922102
0.177	0.06458206699392012	0.05404104646151388
0.177	-0.00221843516717373	0.008118986893781176
0.177	-0.08134080240240263	-0.09953471444197114
0.177	-0.1574338697790354	-0.13994456668819785
0.177	-0.48028267802550895	-0.4765246986163785
0.18	0.845207044070425	0.830891607439817
0.18	0.6359321259930322	0.6365194793508802
0.18	0.519314279618977	0.527603656082709
0.18	0.44904728038918734	0.44926872433781406
0.18	0.39452227063624296	0.3990669977533855
0.18	0.2874000780873152	0.2874001260129592
0.18	0.26437070234683024	0.26152604261000034
0.18	0.21973824089655905	0.2324981610613922
0.18	0.16656205474317232	0.17456057755140028
0.18	0.0659381465942546	0.054956996401539525
0.18	-0.0024413055098805535	0.008256596841133437
0.18	-0.08250239569496354	-0.10122174350030966
0.18	-0.16030949491372143	-0.1423165084964724
0.18	-0.4883702175898562	-0.48460138842343586
0.183	0.8595140028154129	0.8447398008971474
0.183	0.6463394355062354	0.6471281373400614
0.183	0.5278917041241519	0.536397050350754
0.183	0.45648377482736263	0.4567565364101108
0.183	0.4009523038873053	0.4057181143826086
0.183	0.29225865529488043	0.29219012811317485
0.183	0.26879939595686314	0.26588480998683367
0.183	0.22323624452393853	0.23637313041241526
0.183	0.16920297150411032	0.1774699205105902
0.183	0.06730471755175711	0.05587294634156516
0.183	-0.002668540150754655	0.008394206788485651
0.183	-0.08366130432593102	-0.10290877255864815
0.183	-0.16318827443802048	-0.14468845030474686
0.183	-0.4964515409619654	-0.492678078230493
0.186	0.873825042335761	0.8585879943544775
0.186	0.6567356495584343	0.6577367953292428
0.186	0.536467716517968	0.5451904446187992
0.186	0.46391774209609665	0.46424434848240803
0.186	0.4073754191290316	0.4123692310118318
0.186	0.29712119019854927	0.2969801302133911
0.186	0.27322804111740817	0.2702435773636671
0.186	0.22673099891012471	0.24024809976343853
0.186	0.17183902709905388	0.1803792634697802
0.186	0.06868181808281677	0.056788896281590846
0.186	-0.0028999448948921333	0.00853181673583791
0.186	-0.08481778893600132	-0.10459580161698664
0.186	-0.16607001264227222	-0.14706039211302138
0.186	-0.5045264097554555	-0.5007547680375501
0.189	0.8881398862151961	0.872436187811808
0.189	0.6671205978935122	0.668345453318424
0.189	0.5450423136890007	0.5539838388868444
0.189	0.47134916515409436	0.4717321605547049
0.189	0.41379151756967214	0.41902034764105467
0.189	0.30198771813508823	0.301770132313607
0.189	0.2776566271650162	0.27460234474050044
0.189	0.23022260951529294	0.24412306911446166
0.189	0.17447018403480427	0.18328860642897032
0.189	0.07006948346051524	0.05770484622161642
0.189	-0.003135319923046593	0.008669426683190158
0.189	-0.08597211047979758	-0.10628283067532514
0.189	-0.16895451380634444	-0.14943233392129598
0.189	-0.5125945845596497	-0.5088314578446074
0.192	0.9024582502746747	0.8862843812691381
0.192	0.6774941138196853	0.6789541113076053
0.192	0.5536154887522893	0.5627772331548895
0.192	0.47877802866124874	0.4792199726270017
0.192	0.4202005008661387	0.4256714642702777
0.192	0.306858270996984	0.3065601344138231
0.192	0.2820851456733704	0.2789611121173336
0.192	0.23371118078859698	0.24799803846548493
0.192	0.17709640452923012	0.18619794938816023
0.192	0.07146774604997362	0.05862079616164215
0.192	-0.003374459993735268	0.00880703663054232
0.192	-0.0871245300012034	-0.1079698597336636
0.192	-0.17184158223847223	-0.15180427572957053
0.192	-0.5206558249519965	-0.5169081476516646
0.195	0.9167798426222763	0.9001325747264682
0.195	0.6878560341444315	0.6895627692967865
0.195	0.5621872310881952	0.5715706274229347
0.195	0.4862043189352044	0.4867077846992986
0.195	0.42660227114084837	0.4323225808995008
0.195	0.31173287726776144	0.311350136514039
0.195	0.286513590404841	0.2833198794941669
0.195	0.2371968160932083	0.2518730078165081
0.195	0.17971765058801317	0.1891072923473502
0.195	0.07287663534423866	0.05953674610166782
0.195	-0.003617154655376863	0.008944646577894521
0.195	-0.08827530840100072	-0.10965688879200215
0.195	-0.17473102231308899	-0.15417621753784505
0.195	-0.5287098895098225	-0.5249848374587218
0.198	0.9311043637057501	0.9139807681837989
0.198	0.6982061991073496	0.7001714272859683
0.198	0.5707575263841315	0.58036402169098
0.198	0.49362802390691174	0.4941955967715955
0.198	0.4329967309988144	0.4389736975287241
0.198	0.31661156206179764	0.3161401386142551
0.198	0.2909419572560454	0.28767864687100037
0.198	0.24067961763399864	0.2557479771675312
0.198	0.18233388408099357	0.19201663530654042
0.198	0.07429617800059225	0.06045269604169353
0.198	-0.0038631884683519944	0.009082256525246758
0.198	-0.08942470619690773	-0.11134391785034053
0.198	-0.17762263850776622	-0.15654815934611965
0.198	-0.5367565358214574	-0.5330615272657793
0.201	0.9454315063677061	0.927828961641129
0.201	0.7085444523110541	0.7107800852751496
0.201	0.57932635667909	0.589157415959025
0.201	0.5010491330753966	0.5016834088438923
0.201	0.4393837835449579	0.4456248141579471
0.201	0.3214943471683424	0.3209301407144711
0.201	0.2953702441978613	0.29203741424783375
0.201	0.244159686388049	0.25962294651855455
0.201	0.18494506681797473	0.19492597826573027
0.201	0.07572639787725297	0.061368645981719254
0.201	-0.004112341236698681	0.009219866472598953
0.201	-0.09057298327606755	-0.11303094690867914
0.201	-0.1805162354392215	-0.15892010115439414
0.201	-0.5447955204966725	-0.5411382170728365
0.20400000000000001	0.9597609559033473	0.9416771550984596
0.20400000000000001	0.7188706406501747	0.7213887432643308
0.20400000000000001	0.5878937004107678	0.5979508102270703
0.20400000000000001	0.5084676374619125	0.5091712209161893
0.20400000000000001	0.44576333240155325	0.45227593078717027
0.20400000000000001	0.3263812510993503	0.32572014281468714
0.20400000000000001	0.2997984512102405	0.2963961816246671
0.20400000000000001	0.2476371220380949	0.2634979158695777
0.20400000000000001	0.1875511606237668	0.19783532122492034
0.20400000000000001	0.07716731607037244	0.06228459592174477
0.20400000000000001	-0.004364388249206458	0.009357476419951199
0.20400000000000001	-0.09172039864012557	-0.11471797596701766
0.20400000000000001	-0.1834116178984555	-0.1612920429626686
0.20400000000000001	-0.5528265991764085	-0.5492149068798936
0.207	0.9740923901206909	0.9555253485557895
0.207	0.7291846142385467	0.7319974012535121
0.207	0.5964595324651988	0.6067442044951152
0.207	0.5158835295636844	0.5166590329884861
0.207	0.45213528172577755	0.4589270474163932
0.207	0.3312722891407919	0.33051014491490277
0.207	0.30422658021223736	0.30075494900150035
0.207	0.2511120229090492	0.2673728852206008
0.207	0.19015212741229162	0.20074466418411016
0.207	0.0786189509513097	0.06320054586177053
0.207	-0.004619100529590186	0.009495086367303457
0.207	-0.09286721014305199	-0.11640500502535614
0.207	-0.18630859088500898	-0.16366398477094324
0.207	-0.5608495265417733	-0.5572915966869509
0.21	0.9884254794031887	0.9693735420131198
0.21	0.739486226334647	0.7426060592426932
0.21	0.6050238242287043	0.6155375987631603
0.21	0.5232968033073954	0.5241468450607829
0.21	0.45849953622727013	0.4655781640456163
0.21	0.33616747340707415	0.33530014701511873
0.21	0.3086546349875834	0.3051137163783336
0.21	0.25458448590769517	0.27124785457162415
0.21	0.19274792925954756	0.20365400714330023
0.21	0.08008131820408582	0.06411649580179617
0.21	-0.0048762450954192285	0.009632696314655572
0.21	-0.09401367422197192	-0.11809203408369454
0.21	-0.1892069596404149	-0.16603592657921779
0.21	-0.568864056322294	-0.5653682864940083
0.213	1.002759886774728	0.9832217354704503
0.213	0.7497753332653688	0.7532147172318746
0.213	0.6135865436420909	0.6243309930312056
0.213	0.5307074540026231	0.5316346571330803
0.213	0.4648560011856762	0.4722292806748393
0.213	0.34106681289828067	0.3400901491153352
0.213	0.3130826211062228	0.3094724837551671
0.213	0.25805460646570094	0.27512282392264736
0.213	0.19533852847530178	0.20656335010249025
0.213	0.08155443086301546	0.0650324457418219
0.213	-0.005135585225370774	0.00977030626200797
0.213	-0.0951600456212105	-0.11977906314203306
0.213	-0.1921065296807883	-0.16840786838749228
0.213	-0.5768699413033427	-0.5734449763010654
0.216	1.017095267966895	0.9970699289277802
0.216	0.7600517943481679	0.7638233752210559
0.216	0.6221476552568987	0.6331243872992507
0.216	0.5381154782953691	0.5391224692053772
0.216	0.4712045824680852	0.4788803973040624
0.216	0.3459703135598508	0.34488015121555093
0.216	0.3175105458421236	0.31383125113200044
0.216	0.2615224784860143	0.2789977932736705
0.216	0.19792388767328825	0.20947269306168032
0.216	0.08303829935043129	0.06594839568184745
0.216	-0.00539688073442329	0.009907916209360126
0.216	-0.09630657710993565	-0.1214660922003716
0.216	-0.1950071068286497	-0.17077981019576682
0.216	-0.5848669333327732	-0.5815216661081227
0.219	1.0314312714885052	1.010918122385111
0.219	0.7703154718116897	0.7744320332102376
0.219	0.6307071202936175	0.641917781567296
0.219	0.5455208741218648	0.5466102812776737
0.219	0.47754518654633293	0.48553151393328564
0.219	0.3508779783444328	0.349670153315767
0.219	0.3219384180877321	0.31819001850883377
0.219	0.26498819429276527	0.2828727626246938
0.219	0.20050396983980057	0.2123820360208702
0.219	0.08453293151448382	0.06686434562187314
0.219	-0.0056598882564738535	0.010045526156712302
0.219	-0.09745351919372273	-0.12315312125871004
0.219	-0.19790849724394408	-0.17315175200404148
0.219	-0.5928547833266777	-0.5895983559151802
0.222	1.0457675386973	1.0247663158424412
0.222	0.7805662307148851	0.7850406911994189
0.222	0.6392648967017355	0.6507111758353412
0.222	0.5529236406628032	0.5540980933499707
0.222	0.48387772051410133	0.49218263056250877
0.222	0.35578980727559606	0.35446015541598297
0.222	0.32636624826539795	0.32254878588566716
0.222	0.2684518445847501	0.286747731975717
0.222	0.20307873840050872	0.21529137898006045
0.222	0.08603833266697547	0.06778029556189881
0.222	-0.005924361533871196	0.010183136104064587
0.222	-0.0986011198204749	-0.12484015031704862
0.222	-0.200810507454297	-0.17552369381231592
0.222	-0.600833241274243	-0.5976750457222372
0.22499999999999998	1.0601037038737826	1.0386145092997714
0.22499999999999998	0.7908039388647082	0.7956493491886
0.22499999999999998	0.6478209392214818	0.6595045701033861
0.22499999999999998	0.5603237782981413	0.5615859054222674
0.22499999999999998	0.4902020921037492	0.4988337471917318
0.22499999999999998	0.36070579751310206	0.3592501575161989
0.22499999999999998	0.3307940482360715	0.3269075532625006
0.22499999999999998	0.27191351839255584	0.2906227013267403
0.22499999999999998	0.20564815728534477	0.21820072193925028
0.22499999999999998	0.08755450562117995	0.06869624550192445
0.22499999999999998	-0.006190051713312992	0.010320746051416783
0.22499999999999998	-0.09974962408117598	-0.12652717937538707
0.22499999999999998	-0.2037129443845301	-0.17789563562059033
0.22499999999999998	-0.6088020562416949	-0.6057517355292941
0.22799999999999998	1.0744393942971506	1.0524627027571016
0.22799999999999998	0.8010284667324439	0.8062580071777813
0.22799999999999998	0.6563751994471839	0.6682979643714313
0.22799999999999998	0.5677212885626443	0.5690737174945646
0.22799999999999998	0.4965182097028503	0.5054848638209548
0.22799999999999998	0.3656259434195116	0.3640401596164147
0.22799999999999998	0.33522183120560833	0.33126632063933376
0.22799999999999998	0.27537330303942686	0.2944976706777634
0.22799999999999998	0.20821219099136642	0.2211100648984403
0.22799999999999998	0.08908145072964342	0.06961219544195008
0.22799999999999998	-0.006456707647463712	0.010458355998768995
0.22799999999999998	-0.10089927390596964	-0.12821420843372555
0.22799999999999998	-0.2066156153854249	-0.1802675774288651
0.22799999999999998	-0.6167609763752424	-0.6138284253363517
0.23099999999999998	1.0887742303232606	1.0663108962144319
0.23099999999999998	0.8112396873687041	0.8168666651669626
0.23099999999999998	0.6649276258920843	0.6770913586394764
0.23099999999999998	0.5751161741022752	0.5765615295668612
0.23099999999999998	0.5028259823703601	0.5121359804501778
0.23099999999999998	0.37055023662782494	0.36883016171663086
0.23099999999999998	0.3396496116289392	0.3356250880161671
0.23099999999999998	0.2788312841058909	0.2983726400287865
0.23099999999999998	0.21077080464343265	0.22401940785763022
0.23099999999999998	0.09061916592190956	0.07052814538197567
0.23099999999999998	-0.006724076201671992	0.010595965946121149
0.23099999999999998	-0.10205030775613522	-0.129901237492064
0.23099999999999998	-0.20951832826177574	-0.18263951923713956
0.23099999999999998	-0.6247097489030067	-0.621905115143409
0.23399999999999999	1.1031078254645934	1.080159089671762
0.23399999999999999	0.8214374763171443	0.827475323156144
0.23399999999999999	0.6734781640545398	0.6858847529075216
0.23399999999999999	0.5825084386315835	0.5840493416391582
0.23399999999999999	0.5091253198523674	0.518787097079401
0.23399999999999999	0.3754786661099617	0.373620163816847
0.23399999999999999	0.3440774051123882	0.3399838553930005
0.23399999999999999	0.28228754539821765	0.30224760937980966
0.23399999999999999	0.21332396405260834	0.2269287508168202
0.23399999999999999	0.0921676467421637	0.0714440953220013
0.23399999999999999	-0.006991902565080508	0.010733575893473478
0.23399999999999999	-0.10320296031258099	-0.13158826655040257
0.23399999999999999	-0.2124208912997289	-0.18501146104541402
0.23399999999999999	-0.6326481201358896	-0.6299818049504663
0.237	1.1174397864721892	1.0940072831290926
0.237	0.8316217115269632	0.8380839811453257
0.237	0.682026756485485	0.6946781471755666
0.237	0.5898980868922118	0.5915371537114553
0.237	0.5154161325974032	0.5254382137086242
0.237	0.3804112182458368	0.3784101659170631
0.237	0.34850522831440506	0.3443426227698338
0.237	0.28574216892072085	0.306122578730833
0.237	0.21587163577218166	0.22983809377601033
0.237	0.09372688638676092	0.07236004526202704
0.237	-0.007259930565399287	0.010871185840825632
0.237	-0.10435746216147798	-0.1332752956087411
0.237	-0.2153231132934332	-0.18738340285368865
0.237	-0.640575835467325	-0.6380584947575236
0.24	1.1317697134195033	1.1078554765864226
0.24	0.8417922732642041	0.8486926391345068
0.24	0.6905733428570621	0.7034715414436118
0.24	0.5972851246126416	0.5990249657837522
0.24	0.5216983317712282	0.5320893303378471
0.24	0.3853478768928475	0.38320016801727885
0.24	0.35293309884494367	0.34870139014666707
0.24	0.28919523485194815	0.3099975480818562
0.24	0.21841378715121115	0.23274743673520035
0.24	0.09529687574162972	0.07327599520205272
0.24	-0.007527902986570848	0.011008795788177938
0.24	-0.10551403947774357	-0.13496232466707944
0.24	-0.2182248035710071	-0.18975534466196314
0.24	-0.6484926393718552	-0.6461351845645809
0.243	1.146097199788144	1.121703670043753
0.243	0.8519490440219121	0.8593012971236881
0.243	0.6991178600323256	0.712264935711657
0.243	0.6046695584692617	0.6065127778560492
0.243	0.5279718292710829	0.5387404469670704
0.243	0.3902886234555746	0.3879901701174947
0.243	0.35736103516371465	0.3530601575235004
0.243	0.29264682152475435	0.31387251743287936
0.243	0.22095038638551684	0.2356567796943903
0.243	0.09687760341951612	0.07419194514207829
0.243	-0.007795561888529164	0.011146405735530121
0.243	-0.10667291370709284	-0.136649353725418
0.243	-0.2211257720198352	-0.19212728647023775
0.243	-0.656398275402488	-0.6542118743716382
0.24599999999999997	1.1604218325554807	1.135551863501083
0.24599999999999997	0.8620919084291832	0.8699099551128693
0.24599999999999997	0.707660242135913	0.7210583299797021
0.24599999999999997	0.6120513960489018	0.6140005899283459
0.24599999999999997	0.5342365377393435	0.5453915635962933
0.24599999999999997	0.3952334369555342	0.3927801722177109
0.24599999999999997	0.36178905647752224	0.35741892490033367
0.24599999999999997	0.296097005410271	0.31774748678390236
0.24599999999999997	0.22348140256604263	0.2385661226535803
0.24599999999999997	0.09846905579706562	0.07510789508210391
0.24599999999999997	-0.008062648928224309	0.011284015682882351
0.24599999999999997	-0.10783430124741869	-0.13833638278375646
0.24599999999999997	-0.2240258291112113	-0.1944992282785122
0.24599999999999997	-0.6642924861867665	-0.6622885641786954
0.24899999999999997	1.1747431922840712	1.1494000569584137
0.24899999999999997	0.8722207531591413	0.8805186131020507
0.24899999999999997	0.7162004206256247	0.7298517242477472
0.24899999999999997	0.6194306458128837	0.6214884020006427
0.24899999999999997	0.540492370576545	0.5520426802255165
0.24899999999999997	0.4001822941008292	0.3975701743179268
0.24899999999999997	0.3662171826368935	0.361777692277167
0.24899999999999997	0.29954586110575127	0.32162245613492574
0.24899999999999997	0.22600680572454057	0.24147546561277033
0.24899999999999997	0.10007121705171837	0.07602384502212974
0.24899999999999997	-0.00832890568104174	0.011421625630234605
0.24899999999999997	-0.10899841313028379	-0.14002341184209505
0.24899999999999997	-0.22692478592433668	-0.19687117008678676
0.24899999999999997	-0.6721750134214942	-0.6703652539857523
0.252	1.1890608532128815	1.163248250415744
0.252	0.8823354668358736	0.8911272710912319
0.252	0.7247383243647914	0.7386451185157926
0.252	0.6268073170627091	0.6289762140729399
0.252	0.5467392419537437	0.5586937968547396
0.252	0.4051351693555616	0.4023601764181428
0.252	0.3706454340321647	0.36613645965400055
0.252	0.3029934613262826	0.3254974254859492
0.252	0.22852656687651143	0.2443848085719604
0.252	0.10168406919842082	0.07693979496215529
0.252	-0.008594073961754404	0.011559235577586873
0.252	-0.11016545470334821	-0.14171044090043353
0.252	-0.2298224541696827	-0.1992431118950613
0.252	-0.6800455978660516	-0.6784419437928098
0.255	1.203374383350289	1.1770964438730742
0.255	0.8924359399403576	0.9017359290804137
0.255	0.733273879695375	0.7474385127838378
0.255	0.6341814199074325	0.6364640261452367
0.255	0.5529770668241673	0.5653449134839628
0.255	0.4100920350088765	0.40715017851835855
0.255	0.37507383148920087	0.3704952270308339
0.255	0.3064398769003154	0.3293723948369722
0.255	0.23104065806137622	0.24729415153115034
0.255	0.10330759212610212	0.07785574490218113
0.255	-0.008857896144097847	0.01169684552493905
0.255	-0.11133562531456669	-0.14339746995877206
0.255	-0.23271864621174515	-0.20161505370333582
0.255	-0.687903979334225	-0.686518633599867
0.258	1.21768334456882	1.1909446373304045
0.258	0.9025220647154122	0.9123445870695948
0.258	0.7418070105117226	0.756231907051883
0.258	0.6415529652328168	0.6439518382175335
0.258	0.5592057609341391	0.5719960301131858
0.258	0.41505286124353846	0.4119401806185748
0.258	0.37950239616491127	0.3748539944076672
0.258	0.30988517676899635	0.3332473641879952
0.258	0.23354905237984355	0.2502034944903404
0.258	0.10494176363397088	0.07877169484220672
0.258	-0.009120115478060282	0.011834455472291259
0.258	-0.11250911799898293	-0.14508449901711037
0.258	-0.2356131750911707	-0.2039869955116104
0.258	-0.6957498966844755	-0.6945953234069245
0.261	1.231987292701614	1.204792830787735
0.261	0.9125937350697	0.9229532450587762
0.261	0.7503376383348916	0.7650253013199282
0.261	0.6489219646723087	0.6514396502898305
0.261	0.5654252408332332	0.5786471467424087
0.261	0.4200176162039382	0.4167301827187908
0.261	0.3839311494426956	0.3792127617845004
0.261	0.31332942798921853	0.3371223335390186
0.261	0.2360517240284578	0.25311283744953045
0.261	0.10658655946754958	0.07968764478223225
0.261	-0.009380476403974864	0.011972065419643458
0.261	-0.11368611916901371	-0.14677152807544908
0.261	-0.23850585454630022	-0.20635893731988497
0.261	-0.7035830878085707	-0.7026720132139815
0.264	1.2462857776405805	1.2186410242450652
0.264	0.9226508464807973	0.9335619030479576
0.264	0.7588656823874849	0.7738186955879732
0.264	0.6562884305799133	0.6589274623621272
0.264	0.5716354238836279	0.5852982633716319
0.264	0.4249862660634502	0.4215201848190069
0.264	0.38836011282794336	0.38357152916133375
0.264	0.31677269574035366	0.3409973028900418
0.264	0.23854864833131129	0.2560221804087205
0.264	0.10824195335449556	0.08060359472225792
0.264	-0.009638724862495446	0.012109675366995688
0.264	-0.11486680830905843	-0.1484585571337876
0.264	-0.2413964990341195	-0.20873087912815963
0.264	-0.7114032896184997	-0.7107487030210388
0.267	1.2605783434362348	1.2324892177023954
0.267	0.9326932958973713	0.9441705610371388
0.267	0.7673910596689226	0.7826120898560185
0.267	0.6636523760049929	0.6664152744344244
0.267	0.57783622826865	0.5919493800008551
0.267	0.42995877509107144	0.4263101869192227
0.267	0.39278930784373284	0.3879302965381673
0.267	0.320215043334577	0.3448722722410649
0.267	0.24103980176893708	0.2589315233679104
0.267	0.10990791704016822	0.08151954466228353
0.267	-0.009894608599533103	0.012247285314347912
0.267	-0.11605135767531263	-0.15014558619212598
0.267	-0.2442849237506358	-0.21110282093643412
0.267	-0.7192102380315604	-0.7188253928280962
0.27	1.2748645283991928	1.2463374111597256
0.27	0.9427209816404886	0.9547792190263201
0.27	0.7759136850311086	0.7914054841240636
0.27	0.6710138146690527	0.6739030865067209
0.27	0.5840275730004771	0.5986004966300782
0.27	0.43493510571727556	0.43110018901943853
0.27	0.3972187559268062	0.39228906391500046
0.27	0.3236565322307172	0.3487472415920882
0.27	0.24352516200437657	0.26184086632710024
0.27	0.1115844203229559	0.08243549460230938
0.27	-0.010147877465259343	0.012384895261700113
0.27	-0.11723993200162702	-0.15183261525046457
0.27	-0.24717094465068756	-0.21347476274470858
0.27	-0.727003667953547	-0.7269020826351531
0.273	1.289143865203281	1.2601856046170559
0.273	0.952733803304048	0.9653878770155014
0.273	0.7844334712544007	0.8001988783921086
0.273	0.6783727609445165	0.6813908985790184
0.273	0.5902093779269645	0.6052516132593012
0.273	0.4399152185990355	0.4358901911196546
0.273	0.40164847832394646	0.3966478312918338
0.273	0.3270972220515152	0.3526222109431114
0.273	0.2460047079064525	0.26475020928629034
0.273	0.1132714310893357	0.08335144454233497
0.273	-0.01039828370627485	0.0125225052090523
0.273	-0.11843268821227468	-0.153519644308803
0.273	-0.2500543784672065	-0.21584670455298313
0.273	-0.7347833132599259	-0.7349787724422108
0.276	1.303415880990275	1.2740337980743863
0.276	0.9627316616544033	0.975996535004683
0.276	0.792950329123848	0.8089922726601536
0.276	0.6857292298355527	0.6888787106513151
0.276	0.5963815637376048	0.6119027298885243
0.276	0.44489907268397855	0.44068019321987073
0.276	0.40607849598882484	0.4010065986686673
0.276	0.33053717060422044	0.35649718029413463
0.276	0.2484784195702635	0.2676595522454804
0.276	0.11496891534868542	0.08426739448236065
0.276	-0.010645582250094023	0.012660115156404708
0.276	-0.11962977514242229	-0.15520667336714142
0.276	-0.2529350427299386	-0.21821864636125762
0.276	-0.7425489067748932	-0.7430554622492681
0.279	1.3176800974762264	1.2878819915317166
0.279	0.9727144585291667	0.9866051929938642
0.279	0.8014641675056653	0.817785666928199
0.279	0.693083236960947	0.6963665227236119
0.279	0.6025440519685923	0.6185538465177474
0.279	0.44988662527364903	0.4454701953200865
0.279	0.41050882947943124	0.40536536604550044
0.279	0.3339764339044084	0.36037214964515774
0.279	0.250946278334972	0.2705688952046705
0.279	0.11667683726782835	0.08518334442238631
0.279	-0.010889530981060637	0.01279772510375684
0.279	-0.12083133326712536	-0.15689370242547998
0.279	-0.255812755783615	-0.22059058816953223
0.279	-0.7503001802481771	-0.751132152056325
0.282	1.3319360310593473	1.3017301849890468
0.282	0.982682096735215	0.9972138509830455
0.282	0.8099748934238244	0.8265790611962442
0.282	0.7004347985390307	0.7038543347959086
0.282	0.6086967650069659	0.6252049631469704
0.282	0.4548778320858251	0.45026019742030265
0.282	0.41493949885611764	0.4097241334223338
0.282	0.3374150662028828	0.364247118996181
0.282	0.2534082667988713	0.27347823816386035
0.282	0.11839515920530605	0.08609929436241198
0.282	-0.011129891006948498	0.012935335051109012
0.282	-0.122037494439606	-0.15858073148381846
0.282	-0.25868733680563627	-0.2229625299778067
0.282	-0.7580368643295109	-0.7592088418633823
0.285	1.3461831929294554	1.3155783784463768
0.285	0.9926344799459248	1.0078225089722268
0.285	0.8184824121368003	0.8353724554642892
0.285	0.7077839313746879	0.7113421468682057
0.285	0.614839626093853	0.6318560797761936
0.285	0.459872647315914	0.4550501995205185
0.285	0.419370523580368	0.41408290079916715
0.285	0.34085312001556556	0.3681220883472042
0.285	0.25586436883184754	0.2763875811230505
0.285	0.12012384174538158	0.08701524430243751
0.285	-0.011366426915416583	0.013072944998461282
0.285	-0.12324838163954585	-0.16026776054215688
0.285	-0.2615586058232183	-0.2253344717860812
0.285	-0.7657586885405959	-0.7672855316704394
0.288	1.3604210891789323	1.3294265719037073
0.288	1.0025715125976595	1.0184311669614081
0.288	0.8269866272143613	0.8441658497323343
0.288	0.7151306528484179	0.7188299589405027
0.288	0.6209725593267736	0.6385071964054166
0.288	0.4648710236973832	0.4598402016207347
0.288	0.4238019224143196	0.4184416681760005
0.288	0.3442906461562323	0.3719970576982274
0.288	0.2583145695852497	0.2792969240822404
0.288	0.12186284373176959	0.08793119424246332
0.288	-0.011598907019622635	0.013210554945813453
0.288	-0.124464108732094	-0.1619547896004954
0.288	-0.2644263837300597	-0.22770641359435578
0.288	-0.7734653812444421	-0.7753622214774973
0.291	1.3746492209152	1.3432747653610375
0.291	1.0124930997855166	1.0290398249505899
0.291	0.835487440614398	0.8529592440003794
0.291	0.7224749809074774	0.7263177710127995
0.291	0.6270954896610298	0.6451583130346397
0.291	0.46987291256125413	0.4646302037209507
0.291	0.42823371332111887	0.42280043555283386
0.291	0.34772769377196083	0.3758720270492506
0.291	0.2607588554992735	0.28220626704143037
0.291	0.12361212230109074	0.08884714418248897
0.291	-0.011827103592296542	0.01334816489316572
0.291	-0.12568478023821325	-0.16364181865883404
0.291	-0.26729049230250734	-0.23007835540263027
0.291	-0.7811566696119248	-0.783438911284554
0.294	1.3888670843746604	1.3571229588183678
0.294	1.0223991471583571	1.0396484829397705
0.294	0.8439847527597263	0.8617526382684249
0.294	0.7298169340590437	0.7338055830850962
0.294	0.6332083429101553	0.6518094296638629
0.294	0.4748782638946257	0.46942020582116667
0.294	0.43266591336613947	0.42715920292966736
0.294	0.35116431038114543	0.3797469964002738
0.294	0.2631972143078982	0.2851156100006205
0.294	0.12537163291603567	0.08976309412251454
0.294	-0.012050793087659337	0.01348577484051798
0.294	-0.1269104911169921	-0.16532884771717246
0.294	-0.2701507542152622	-0.2324502972109049
0.294	-0.7888322795854145	-0.7915156010916117
0.297	1.403074171038086	1.3709711522756982
0.297	1.0322895608131373	1.0502571409289523
0.297	0.8524784626148404	0.8705460325364698
0.297	0.7371565313654141	0.7412933951573935
0.297	0.6393110457454393	0.6584605462930861
0.297	0.47988702639825626	0.4742102079213824
0.297	0.43709853861911957	0.4315179703065005
0.297	0.3546005419139272	0.3836219657512969
0.297	0.26562963504147763	0.2880249529598105
0.297	0.1271413293982547	0.0906790440625402
0.297	-0.012269756350603763	0.01362338478787018
0.297	-0.1281413265604408	-0.167015876775511
0.297	-0.27300699305661386	-0.2348222390191794
0.297	-0.7964919358393012	-0.7995922908986689
0.3	1.417269967747432	1.3848193457330285
0.3	1.0421642471885593	1.0608657989181336
0.3	0.8609684677625646	0.879339426804515
0.3	0.7444937924411978	0.7487812072296902
0.3	0.6454035256945234	0.665111662922309
0.3	0.4848991475432009	0.47900021002159865
0.3	0.44153160405725367	0.4358767376833342
0.3	0.3580364327549	0.38749693510232014
0.3	0.2680561080270656	0.29093429591900044
0.3	0.12892116396095013	0.09159499400256592
0.3	-0.012483778812622574	0.013760994735222404
0.3	-0.12937736180126294	-0.1687029058338494
0.3	-0.2758590333432267	-0.23719418082745383
0.3	-0.8041353617372275	-0.8076689807057262
