-0.14517023625734526
-0.43376683851449527
0.49362106980103504
0.5741349009531413
0.0235433965355627
-0.3076726766938376
0.08976440735831503
0.2671387452662941
-0.4707700938975101
-0.23132567585697283
-0.47751021386142667
0.2796690212504225
0.6873554901976491
-0.030528748600380462
0.13896344987852727
-0.8386403866694008
0.20561308160797842
0.9081945688921045
0.6998497114762618
-0.40634498410234654
-0.32071713888122755
-0.17737891455534038
0.19562453704916294
-0.2178355817114861
-0.6730988233645618
-0.3077351117631433
-0.18612464914287852
0.7515730086073484
0.56627650095939
0.5307470700763737
0.4551268267324593
-0.3752675450146967
-0.7499192220738395
-0.9146469687527399
-0.04323811344125139
-0.4669192289237949
0.11762564760070049
-0.5051023306488098
0.7451874607781548
0.893651284748948
0.07541287574719702
0.8744401652637512
-0.1409471873488446
0.17781622684223852
0.8102294498657037
-0.39490860018179297
0.19201063002934338
-0.2845943597252296
-0.8109456794112015
0.5170910402429945
0.6187789222630129
-0.3836439803567273
-0.4714017972610758
-0.7382388407160538
0.8714558176195415
0.6484792617049797
-0.5589086719302006
-0.46974525157919067
-0.7111890930530373
0.6722967037581431
0.16940321917651113
0.6057451988348108
-0.03264704395404716
-0.8777743666910203
0.1772005058695303
0.6730408937345744
-0.8052983807671634
-0.018925385597857503
0.675168824755618
-0.9218134313005759
-0.03857901685828691
0.8154473877713382
-0.9438056045393401
-0.3356672674070511
-0.8937941407390779
-0.9409460265975613
-0.3558703604304039
0.04564670601780629
-0.6723250770439313
0.9388617274239395
0.2154237189959849
0.8220289141354193
0.6103371243387195
-0.2998775904842652
-0.10946593426391882
-0.9892368564405825
0.10150791626047195
-0.26612826988533445
0.9479685001601541
-0.24642275272715009
-0.6725936262537118
-0.888492587331805
0.7921206153901064
-0.22143712345849154
-0.6043111928621367
-0.22200443877862353
-0.49321556974353453
-0.23130956378889778
0.9427234236383399
-0.2779775465752974
-0.5924887089057318
0.4020929700916236
0.7041749876896781
-0.8787024953644282
-0.5809334631800716
0.6103802240965841
0.4240955220748204
0.37039960153368146
0.9616107727125809
-0.3054493353887373
-0.13462348445934924
0.10958061969887822
0.194620094937072
0.8491402954178131
-0.7388845491176717
0.28737041548791287
0.3836313818065491
-0.7797398278967405
0.05758468799061389
0.8213269962851482
-0.45041042677848586
-0.12937921897458904
0.09760068050368509
0.7012650429982403
-0.010420048564437012
-0.7770013126359585
-0.9389967138754396
-0.5595014579130311
-0.4399423186199787
0.6588829627006223
0.4032029652243643
-0.6256013043731077
0.19508507382292706
0.140401945615666
-0.42804786773156
0.39950771372599614
0.1862614738826649
0.2352354652644617
-0.9547597745987004
0.3569549897829427
0.40330316671530997
0.4292976150845498
0.7237124786502509
-0.18782914738588152
-0.1204352014470298
0.2313823480432846
-0.673103196958351
0.14595877822586467
0.25803456781189493
0.32292976307601196
0.5022777417168569
0.4586886352069912
0.4747236431018791
-0.3591206676519205
-0.7174040590774089
0.7213722642391802
0.4202212332748281
0.5509191668324898
0.22560650865446763
-0.2767580865382253
0.9620143545094333
-0.5453157128792177
-0.9469129862549861
0.13808752401869362
-0.2367955536133981
-0.34614514342093194
0.3185922288793006
0.05196167280165964
0.579253821875934
-0.031886703764132385
-0.7197709799954153
0.8695469894312302
0.03149686050797085
0.524618488814127
-0.002411060264928322
-0.09892919937372957
0.42791574417628797
-0.357998172538162
0.09574681196444113
0.32524600519547553
0.7571144519863795
-0.4095217910410438
-0.4649966413199458
-0.9188779549419059
-0.06984532988429049
0.12414297693672549
-0.4195573590161894
0.07906702010625688
0.9161692376802173
-0.9120538092691981
-0.40945478628290877
0.04978488713212559
-0.5171466290240863
-0.9504035173625507
-0.2667022488008344
-0.34551937717921266
0.3916649687297731
0.7187857973300356
-0.6935360138295192
-0.05753781356416976
-0.4246465349243629
0.5706608531948221
0.2911251596551614
0.701210890001893
0.9931313410768692
-0.6175405877131737
0.9042628325150013
-0.09305860911697139
-0.4327237615929129
-0.2748465164020286
-0.5893386306477102
-0.09743183507196318
-0.1988811177730716
0.9100102759066102
0.4634207203823275
0.4967540339322374
-0.10649727749685622
0.3872513646178364
-0.18097838902878527
0.6494431665047138
0.18650824359678153
0.48844293709957554
-0.13413563838931197
-0.9695986742089218
0.5236060890858265
0.7253814578710063
0.7877799311093305
-0.518572045225113
0.799794156608538
0.41006878385828394
-0.5261958872903001
0.8612533175723878
-0.8242685445693494
-0.5715046644008792
-0.47662044513748647
-0.5958031812684002
0.8700331873953981
0.9419436972662532
0.22308223131373417
-0.8248853313308446
0.4792275259645131
-0.5965026272465992
0.6471967150640467
0.7124911776231919
-0.09221524330244879
0.2192585893870298
-0.538759745678191
0.9319057608380379
0.13277897297104957
0.46946750611753774
-0.9762590438853291
-0.5335837476016387
0.949000121612414
-0.1398419360329337
0.8411534766443549
0.6880624589664504
0.6435777060175469
0.05898400934819037
0.39398714025726433
0.22485930860188708
0.9333238083542006
-0.5607122944385228
0.5810455432257318
0.5395234076139388
-0.6488067156207193
0.011596302888654098
-0.602790478565131
-0.13543575983789213
0.5845220437206553
-0.7760901963570246
0.9910329851553548
-0.2833579765441365
-0.8055614724348839
-0.419781896510405
-0.4562751851219422
-0.5030636952220346
0.7663089690251879
-0.5499912083447605
-0.031569129897063064
-0.30542151125895023
-0.8647316722029912
0.5809255641267481
0.3015818861133741
-0.8901387608906663
0.7740714463900018
-0.7083253838394941
-0.8710986292902723
0.048555477487851606
0.410492817283282
-0.716806147721075
0.09450888227855936
-0.9859245024638803
0.19195215070771598
-0.38321031312124854
0.21572510018042523
-0.8364552316556
-0.776516756929597
-0.7621020839580128
0.12867469677735555
-0.0925291503468777
-0.9434692241664389
0.30618480668899806
-0.7553456838443926
0.5454579641185486
-0.8840108753867764
0.8008611365914804
0.7257920610058815
-0.5397665200616879
0.13382375598316298
0.7548014538730217
0.24521778671446248
-0.1357813937239789
-0.06538762250233021
-0.1806931177618163
-0.29642529276321006
0.07447685461505049
-0.0335460629438733
0.7380465712326194
0.11058588442821327
-0.042092229908186285
0.725394410660168
-0.8197866238769285
0.9694421867315288
-0.4908392199860119
0.08890188527122311
0.855801221060686
-0.40231358811662554
0.4059994068690935
0.5830624959366131
0.10663764606491655
0.25220708376182177
0.21048699080941358
0.7235046723432113
-0.6824428031357019
-0.28607719180351054
-0.673302725110603
-0.11417973269324633
0.7453140646797236
0.6641098790931852
-0.2594182934545284
-0.6681164529317809
-0.24054440301273639
0.8857755037568042
-0.47182809515763435
-0.23992776897209933
-0.3743105917296492
