18	0.948417222311
22	1.54761103704
16	1.17551697595
9	0.595882811535
21	1.34575559338
6	1.00670574357
20	1.09707820845
20	1.16124242986
23	0.905412704425
4	1.70344785739
16	0.796346085121
21	1.41400301654
22	0.949263204378
25	0.629273769655
24	1.01004498746
23	0.893024935223
19	0.857201688812
17	1.05634618919
10	1.39973829372
22	1.15909021547
7	0.623369048122
24	0.774527214286
22	1.1618362333
21	0.806251615257
23	0.688079649977
5	0.794502574491
1	0.401897094009
26	1.43365339317
17	0.916376193705
21	0.970534575713
25	0.698552176563
24	0.947357021581
18	1.21243735804
20	0.956064725248
23	0.907944291368
11	1.81809679711
8	0.839566020255
23	0.725830727472
27	1.33852538723
24	0.783516430296
2	1.35099983709
25	1.19056303586
6	0.441943310892
18	1.18126063961
22	1.07612439389
25	0.858270888559
22	1.13644328565
26	1.61565357691
19	1.21074494006
24	1.20712618168
12	1.4770753387
21	0.813998275167
9	1.05354925985
24	0.734010457586
28	0.919496076691
25	1.5186024079
3	0.843393932458
7	0.822293909147
26	1.19272418389
19	0.8529718499
26	0.91206093459
23	0.798482150617
27	1.04713908562
20	1.21054349698
25	0.894265887742
23	1.23111764073
13	0.794237042183
25	0.621900866412
29	0.854600634961
26	1.21523186062
22	0.969864821651
10	0.925747138529
4	1.51931823536
27	0.802299898748
20	1.01309396426
27	1.17629301813
8	1.54741157056
26	1.30431237737
21	0.909688574783
28	0.952003619157
24	0.904318576969
24	0.851952657774
14	1.05578691549
26	1.39348698153
27	0.875229109247
30	0.655575411949
11	0.529182784338
5	0.966139814431
23	1.37729950487
28	1.00402317443
27	0.753287929353
21	1.13471785706
22	0.787515760003
28	1.00151198984
9	0.969487730074
29	1.27773285991
27	1.57540796441
25	1.06774358701
28	0.909810290541
31	1.18560372763
15	0.925365942787
25	0.897416543976
6	1.42965357552
12	1.67958936682
28	1.0127533785
24	1.0473307629
29	1.06569690459
23	1.05596259937
22	1.58166848066
29	1.23022941661
10	1.23716549792
28	1.01739830004
29	0.893495042358
30	1.80018572049
32	0.856515988646
16	1.06092485295
26	0.672418620747
7	1.50096016305
13	0.928015216001
26	0.85621786541
29	0.878683585723
30	0.861761942796
24	0.815612029246
25	1.37004563506
23	1.08553522047
11	0.775996911868
30	1.04535363596
29	1.06025252216
30	0.959514618425
33	0.621840730403
31	0.906493767193
17	0.742494888602
8	0.617054921021
14	0.878230837702
27	0.851699294323
30	0.935061893628
31	0.873509344968
27	0.697763608429
25	1.11769674389
24	0.934740120792
31	1.19580057108
30	1.28162927893
12	0.892117122383
34	0.970744506863
26	0.77924758375
31	1.00803556714
32	0.828301562691
18	1.76974785658
9	2.2819381507
31	0.937734186917
15	0.986881982739
28	1.05936317353
32	0.902851159318
26	1.11385375808
31	1.46969077738
32	1.15645188421
28	1.02923982622
35	0.798341118711
13	1.06992161711
32	1.06072488441
25	0.81335096984
27	0.978322801103
10	0.803684197208
33	0.84035983035
19	0.824866554897
32	0.926739461475
16	0.924146107967
33	1.02133060068
27	1.07400167825
29	1.13438799304
33	0.836418367546
32	1.15546711049
36	0.918234730059
29	0.936617883549
14	0.957422829892
33	1.22116005314
26	1.09502883377
33	0.777604199959
11	0.978282816049
28	1.17507206308
20	1.06874343361
34	1.15214866823
17	1.06531765134
34	1.02367355782
34	0.727832331921
33	1.37163601218
28	1.29319146248
37	1.30381973238
30	0.78729475134
30	0.831465274271
15	1.33773848817
34	0.84792883236
34	0.959247899896
12	1.2132889067
27	0.877577391874
21	1.12835073831
35	0.80167734795
29	1.14689467898
18	1.20981771182
35	0.777120896154
34	0.790869041697
35	0.787701532117
38	0.796171941037
29	0.899010789117
31	1.05048803096
31	1.14664593691
35	1.18915790548
13	1.32222795342
16	2.0081777046
35	0.832224280109
28	0.803798348338
22	1.06808301292
36	0.95736074828
36	1.04862834892
19	0.788042070682
35	1.20856653831
30	0.836640398504
39	0.949478009242
36	1.12821796448
30	1.15153598297
32	0.928666240494
36	0.85955255664
14	0.852028541269
32	0.815039700076
17	0.942309539851
36	0.796476266553
29	0.795705759662
23	1.13703913107
37	1.0204012279
37	1.04582455346
36	1.07285388084
40	1.01513731287
20	0.858333014747
37	1.2509234302
31	1.03977111448
31	0.936698215032
33	0.617991317375
37	1.0658485661
15	1.00388499106
18	1.37304537378
33	1.00723412936
37	1.11244022661
38	1.1704832895
24	0.980705501889
30	1.26779996804
37	0.851028823505
41	0.72434748064
38	1.36456858313
21	0.686633895508
38	1.17891561579
32	1.09608901447
38	0.954217446061
32	0.896298657813
34	1.20592744427
16	0.769451666525
39	0.865636144373
19	0.768253767902
25	1.26979426867
38	0.864973608121
42	1.03810663362
31	0.910346262202
38	1.23828357161
34	0.987075352011
39	1.76991015904
22	0.818182680128
39	0.852856416188
33	0.856428149814
39	1.07790865659
35	1.02051994107
33	1.04312163574
17	1.4446248709
40	1.1319446208
39	0.880265444668
43	1.04355235567
26	1.00326638904
20	0.848820329163
32	1.12161678806
39	1.0839127409
35	1.04702349733
23	1.0289757951
40	1.06311660835
40	0.966226966133
40	1.00427772099
34	1.11400963027
36	0.743284940564
18	1.10027177213
41	1.20432604736
34	0.922971232524
40	0.763742921217
44	0.985774558236
27	0.854172705969
21	1.52520939121
33	1.12707723613
40	1.01748148808
41	0.922707682124
41	1.07588056559
24	1.17336051528
35	1.041696182
41	0.94268339646
36	1.51332642615
37	1.0903684097
42	1.05307577152
19	0.636181174074
41	1.26118733572
45	0.995637123732
35	0.980383489136
28	0.954672646938
42	1.03250733777
22	0.925744546884
41	0.954704818832
34	1.22148815697
42	1.00681151823
36	1.40212706297
25	1.05402689075
42	1.08798510622
38	1.24762022374
37	1.20938850522
43	1.12690930986
20	1.20073192452
42	1.35309903054
46	0.739256355691
29	1.1562073351
43	1.18095866412
36	0.901300426576
23	0.982846785616
42	1.16035566616
35	0.89438719074
43	1.23553343788
37	0.909004735628
26	1.14141558365
43	0.682801958052
44	0.935473420501
39	0.852650394945
43	1.19577811623
38	1.22271702799
21	0.825669841822
47	1.27132040998
44	0.909640807671
30	1.14152677846
37	1.05619734484
24	1.15674087761
44	1.02227123233
36	1.00239216852
43	0.98050324055
38	1.1129200782
27	0.660752755724
45	0.921450895127
40	0.823249180885
44	1.45401281403
44	1.23401589228
48	0.99252719242
22	0.642553258825
39	1.01704274744
45	1.04635422547
31	1.07665013638
45	0.914580516016
25	0.938573295005
39	0.874373852668
46	0.961074539792
37	0.879769443982
44	0.905218658098
28	0.835334336616
38	1.26944323562
41	0.798108922431
45	1.17180826714
49	0.919502659153
45	0.827791100847
23	1.78764189913
46	0.99691203559
40	1.27003451367
32	1.35627424703
47	0.74865734695
46	1.18873613589
40	1.27288834526
26	0.941512788961
38	1.08892955786
29	1.09722283735
45	0.897425934001
46	0.991889900719
42	1.04859636647
50	1.02506878521
39	1.34806378213
24	1.19509492885
46	0.891959644386
47	1.39433068754
33	1.01339148469
41	1.12289225272
48	1.09763978191
47	0.952555729845
41	1.14537906882
47	1.06000987912
27	1.44415788712
51	1.17775466834
30	1.27869260768
46	1.00738697982
39	1.00417748162
43	1.27944775516
25	1.2213037378
48	0.634593317322
47	1.24516188446
40	1.00462513949
34	1.00105265794
49	0.882025406233
42	0.81360051663
48	0.954021003646
42	1.08964632817
48	0.913955508463
52	0.956269148483
31	1.15282409426
28	0.629604019244
44	0.898484306619
47	0.824395641906
40	0.773264480286
49	1.14393347421
26	1.17136044422
48	0.959986006002
41	0.802260472431
50	0.976508395546
35	0.80670802595
49	0.922393673736
43	0.906040348295
49	0.952563503755
53	0.896924342951
43	1.12514574016
32	1.08641448219
50	0.827761219893
45	1.07237567817
29	0.763552953731
27	0.821534760198
41	0.956485066057
48	0.891196655841
49	1.11050416398
51	0.677548589502
42	1.18170232999
36	1.1656144162
50	0.835001217018
54	0.949627935662
44	0.678511222626
50	1.28784985
51	1.18442953982
46	1.74580692849
33	1.18278726989
28	0.961849521105
44	0.911901168871
30	1.06169017922
42	0.842998060944
49	0.920686787811
52	0.825264923105
50	1.31570969769
51	0.965559586531
37	1.06366286519
55	1.07487842214
43	0.682388736185
51	1.05063564481
45	1.01318574456
52	0.947597771726
47	0.91228143826
29	1.02099813505
34	0.884486712667
31	1.04364290955
45	0.873509848067
43	1.0276714069
50	0.868063564624
53	1.00906257299
51	0.783839611701
52	1.34389007097
56	1.0641848543
38	0.94313515025
44	0.758548867578
53	1.02065390897
46	0.715427296763
52	1.07804611271
30	0.803821486098
35	0.957938758328
48	1.0081312966
51	0.770592941082
32	0.96995279051
54	0.844440597238
44	0.962517123776
46	0.898516542093
52	1.05861052251
53	0.898221525903
57	0.996793830664
39	1.22762535684
54	0.894415491722
45	0.983279135408
47	1.05819204356
31	1.4040143765
53	0.871847974334
52	0.963960798199
36	0.930251602467
49	0.940843373236
55	0.875147514522
33	0.868044250533
45	0.938787581061
47	1.04506228834
54	1.04805883963
58	0.954239678825
53	1.11783624471
55	1.08036661523
40	0.99938741213
46	1.0505544206
48	1.06080044538
32	0.668217457223
53	1.04666789316
54	0.895361822633
56	0.88045692735
37	1.30138670676
50	1.04857215076
34	0.758334235795
55	0.888023517118
46	1.01257103516
59	1.07241830208
48	1.4189893966
56	1.08934976226
54	1.34179495613
41	0.652405462255
47	0.893605344157
54	1.03790315899
49	1.09729877321
33	0.758325169457
57	0.825160967278
55	1.14204996727
51	1.18837815578
38	0.950493206073
56	0.959447000131
35	1.06669444319
60	0.844310472569
47	0.804172682346
57	0.772376260572
55	1.53057084027
42	1.16642768014
49	0.926028917277
48	1.12442809057
55	1.12289343888
58	0.914976236911
50	1.15188367459
34	0.777676514823
56	1.00354987726
52	1.06479902732
39	0.857559582341
57	0.836801484929
61	0.778209580833
58	0.907619533369
36	1.03506070271
48	1.21675752202
56	0.942408469793
43	1.03843328263
50	1.06590486203
56	0.851897658515
49	0.786955100054
59	0.903524901616
51	1.06272759026
35	1.00650697423
57	0.92247774708
53	1.13553557323
58	1.08963233437
40	1.15344678082
62	0.82272936555
59	1.21150893808
37	1.02111713204
49	0.934121801439
44	1.04995901486
57	1.3340574067
57	1.03476839592
60	0.911295112146
50	0.803735721554
51	1.01536936476
52	0.983877291896
36	0.838263413477
58	1.28848930704
59	0.943392824454
54	1.11958675685
63	1.42288128664
41	1.09492909258
60	0.837508636067
38	1.08373081536
50	0.874194085846
58	0.798097446862
45	0.959694588862
61	1.0181021849
58	1.15812654621
51	1.12946374125
37	0.829823388197
53	1.16781544967
52	1.07454155955
60	0.816171916334
59	1.09269651133
64	0.970133631559
61	0.890624403125
55	0.802184634797
42	1.09722628836
59	0.835490486636
39	1.08602903753
46	1.13939348084
51	1.00624553844
62	0.715899239754
59	1.08300185294
52	1.12837440112
38	0.956131690386
61	0.954176682885
54	0.990150786471
65	0.880414286305
53	0.765374001338
62	0.978649624451
60	0.917537170133
56	0.775581551326
43	0.991170362583
60	1.03907804283
63	0.947858965732
47	0.990928397958
40	1.05675610035
52	0.977932678297
60	0.919892199645
53	1.1862111448
62	1.03959038429
39	0.729199926321
66	1.2806976278
55	1.20593496274
63	1.0267289519
61	1.03004439399
54	0.901364793298
57	1.11796669584
44	1.12591658119
61	1.22663286179
64	1.31545659242
48	1.28490227313
41	0.93938080407
53	1.10268439648
63	1.04669104074
61	1.05312028133
54	1.04745720561
67	1.13810271343
40	0.606353070371
64	1.00354078379
56	1.19166416713
62	0.805322181851
58	0.807854611856
62	1.02159828546
55	0.99203262561
45	0.920257993992
65	1.28872516876
49	0.882293562115
42	0.75188656674
64	1.14214247152
54	0.915055226773
68	1.00744036436
65	1.05567362995
55	0.949429586432
62	1.07365129889
41	0.938962947139
57	0.977141857172
63	1.0321639859
63	0.988420736794
59	0.819117818445
66	1.01569520207
46	1.02722388199
56	0.968176919747
50	1.03269302599
65	1.20563180586
43	0.881331093511
66	0.962986094575
69	0.75728479295
55	0.777875852631
56	0.903108064518
42	1.01326492497
63	1.11432412887
58	0.944000857603
64	0.998530748965
64	1.20987542072
67	0.93528977685
60	1.10107427867
47	1.23752783586
57	1.01181825091
51	1.00194480366
66	1.14645343653
67	0.849883830038
70	1.17034102464
44	0.744066055921
56	0.98939265119
57	1.1296970022
43	0.900434873261
64	0.722046717014
59	1.243464516
65	0.935033777058
68	1.03844710568
65	1.02705588427
61	0.996801624512
48	1.11958823712
67	0.94720944993
52	1.00729193135
58	1.01184531902
68	1.0798874314
71	0.967989556072
45	0.883546945944
44	0.843037711801
58	1.02628941517
57	1.03750537715
66	0.920289845403
60	0.982772013888
65	1.14038491485
69	0.812766659041
66	0.958756687685
62	0.919979955835
49	0.995242700309
68	1.29908152531
69	0.84671561972
53	0.883216549976
72	1.05096201512
59	0.915409041768
46	1.02586817903
45	0.99194265034
67	0.882331229183
59	1.10061947226
58	0.976763339122
61	1.02031826954
70	0.785186936363
66	1.08853071494
67	0.92493169388
63	0.887971949073
69	0.870342038183
50	0.874211219504
70	1.18214019348
73	1.04822779224
54	0.872805737735
68	0.906895729079
60	0.887089310427
46	0.615013630845
47	0.93020161344
71	1.0980472908
60	0.876937667602
62	0.985325131093
59	0.973515594393
67	0.936093940776
68	0.823703482188
64	0.961240813775
70	1.00652459435
71	1.0206234923
51	0.944619328773
74	1.34862221552
55	0.780807914241
69	1.04403316532
47	0.726969778843
72	0.94810594258
61	0.797941336788
61	1.10502018457
48	0.870607403824
63	1.11431616104
60	0.934792908839
68	0.875736009083
69	1.05293663928
71	0.878578488965
72	0.825764651967
65	1.00307383955
75	1.15612103612
52	1.00285369624
56	0.993514272556
70	0.984713521011
73	1.08674304876
48	0.884426967782
62	0.914367682799
49	0.737938917827
64	1.07666308691
62	0.921143455656
61	0.770229409197
69	0.987035802044
72	1.05602435843
73	1.04410320109
70	1.04584226817
76	0.75017198314
66	0.85235481828
53	1.04059415415
71	0.899157463831
57	1.22147968655
74	1.09042270373
49	0.860176669409
63	1.12477022709
65	0.935305421938
50	1.32117323907
73	0.778270082216
62	0.915712197776
63	1.07812768691
74	0.977445916798
70	0.941527453531
77	0.99603400328
71	0.892664056718
67	0.579090432494
72	0.836612721045
54	0.914129240719
58	0.997453525321
75	0.953330580398
50	1.14174961227
64	1.07460777197
66	1.10535840437
51	1.02719042384
75	0.891481806322
74	0.903788503575
78	1.21119989066
63	0.808459735526
71	1.04169092795
64	1.17262397529
72	1.07051769994
68	0.940639277575
73	0.838335354281
55	0.920999783716
76	1.10415976064
59	1.20055284461
51	1.66907484878
75	1.16748528391
76	0.9863391597
65	1.10473454663
67	0.827792651355
52	1.16196850459
79	0.826773497431
64	0.998432262214
72	1.18975328998
73	1.21491109743
74	0.883720343717
65	1.19977237666
69	0.758678134345
77	0.900234589343
56	0.968378333091
60	0.843388209235
52	1.2980673854
77	0.85878043758
76	1.01001933868
66	1.00305070399
68	1.10106880893
80	0.969032752961
53	1.28640328958
75	1.01798550219
73	0.847107397637
65	1.0408402345
74	0.952666888603
78	1.0275969761
70	0.936277568369
66	0.838473874134
61	0.804481205637
57	0.893370742668
53	1.00771063283
78	0.917220622285
77	0.976789091469
81	1.18008601599
67	1.0216623134
69	0.966435446938
76	0.922248883859
54	1.55113630033
75	1.11808460777
79	0.968933162037
66	0.85723473648
74	0.998934362313
71	1.16862695516
67	1.13621556472
62	0.794206081708
58	1.02845948296
54	1.10863572073
79	0.667404959685
78	0.91513364006
82	0.925333650007
68	0.868941730418
70	0.981089896966
77	0.929262425022
80	1.20484374707
55	1.38161216472
76	0.803478794148
75	1.04589638468
67	1.09027394396
72	0.734105596077
80	1.17287958056
63	0.852800351821
68	0.867162180151
79	1.01661671917
55	0.890988689218
83	0.825549372435
59	1.14959052672
78	1.01103555932
69	1.05574183635
71	0.992005227335
81	0.850840862728
56	0.906639971968
77	0.79162002712
73	1.08744344689
76	0.865777235981
68	0.956009366825
81	0.761435372487
80	1.11713211675
56	1.20582879414
64	1.36127849864
84	0.8113448212
69	0.954224277222
79	0.844158595161
60	1.03367219706
72	0.981139854284
70	0.94429631628
82	0.839544563504
57	1.0143387574
78	1.1574067226
74	0.8333643609
77	1.25912109824
69	1.00822784457
82	1.0212743123
81	1.00919518924
57	2.59580141238
80	0.979637133359
85	1.15594934008
65	1.02254139073
70	0.915510437283
61	0.953873184331
83	0.942398721844
71	1.02814211082
73	1.19494763892
79	0.892236528303
58	1.29057192752
75	0.807911661902
83	1.02749419814
78	0.702132509932
82	1.04569441247
70	1.28001610138
58	0.889908387975
81	0.984653210981
86	0.771266240714
66	0.860595744347
84	0.826347077576
62	1.04446725461
71	1.26721499159
74	0.863661942755
72	1.06079944984
80	0.86607102725
84	1.10396583004
59	1.51909197153
76	1.08740203555
83	1.0176320372
79	1.27667557984
71	0.810312513066
82	1.11640484457
87	0.679049849163
59	0.918595489028
85	0.965879293814
67	1.42234382208
63	1.21584961537
75	1.05224954227
73	1.08429570849
72	1.20421692753
85	1.06803508891
81	1.16034133913
84	0.969382461774
77	0.817253233951
60	0.722283184128
83	1.18029253292
80	1.28521996442
88	0.835813794923
72	0.855236268199
60	1.44728442537
86	0.858367852443
68	0.910873042933
64	1.10149808981
76	1.08186435168
74	0.801356225424
86	1.02708272296
73	0.859696906799
85	0.894428175783
82	1.09003967654
78	1.24934630038
84	1.41808318601
61	0.700062005382
89	1.07202713398
81	0.81187245021
61	0.995562961196
87	0.898907482679
73	0.980674195652
69	0.908342168845
77	0.968893840226
65	1.1080417118
75	1.1701005313
87	1.07038832382
86	0.811015256782
85	1.19327849977
74	0.913882875903
83	1.06123260111
79	1.06964242384
90	0.836221795395
62	0.980602281311
88	0.86078974287
82	1.11488444915
62	0.720639210108
74	0.905717840453
70	0.806518438129
88	1.00569336536
78	1.05039290046
66	1.05530946499
76	0.922874459183
87	0.934475861475
86	1.00909283122
84	1.02244087105
91	0.904796875697
80	1.05404318472
75	1.08337168751
89	0.942648001122
63	1.31966735727
63	1.17789568631
83	1.02362442477
75	1.00668824576
71	1.20563434679
89	0.940771031346
79	1.09009637491
88	0.85725373606
67	1.03311238001
77	0.983376388534
87	0.956509213975
92	1.06908104546
85	0.899968187908
90	1.14571578302
81	1.09504366999
76	1.04840297985
64	1.07271685866
64	0.842827609476
84	1.78745871038
72	1.02746654368
76	1.04869622148
90	1.00584901607
89	0.955573769583
80	1.21946792034
78	0.949333840955
68	0.774989563128
88	1.04150288087
93	1.19123688239
91	0.763674318165
86	0.978318755018
82	1.15654875119
65	0.861415247016
65	0.728315184366
77	0.902642865369
85	1.56827718734
73	1.13073436044
91	0.979200467908
77	0.903392481056
90	1.06418928035
89	0.909950417418
81	1.05580689201
69	0.732116049311
79	0.920534254288
94	0.930309233956
92	1.08592458947
87	1.32461444309
83	1.03381779085
66	1.32779221036
66	0.748074695115
92	1.1423098795
86	1.26596238408
74	1.1157824267
78	0.99168577883
91	1.00036833718
78	1.07241110544
90	0.902007046208
82	1.05290591367
95	0.821431279374
80	1.02752849248
70	1.10568578745
93	1.16248419212
88	1.0191968689
84	1.13703035974
67	0.986008464058
93	1.12204132691
67	1.08276286635
75	0.915211952202
87	1.01989750248
92	0.98481637403
91	0.900814948528
79	0.993057760709
79	0.942672458732
96	0.897242137694
83	1.14332925014
94	1.05706649501
81	1.04600197724
71	0.79439942665
89	0.903896107496
94	0.978178490652
85	1.04650180056
68	0.909374201448
93	0.950920246049
76	1.02088652066
68	0.82313884163
92	1.06035637067
88	0.959380175718
80	1.19452035401
80	1.12587295485
97	0.951052397975
95	1.19447412724
84	1.07723552711
82	1.01847453121
72	0.861660222578
95	0.962834477667
90	0.931402763499
86	0.893685116952
69	1.07985732798
94	1.00653161843
93	0.853616261485
77	1.13689313808
69	0.894879767965
89	0.902871800308
98	1.13196590508
96	1.0078390737
81	1.11916818717
85	0.842016893653
81	1.17707765376
83	1.09357005453
73	0.919108179067
96	0.834171668995
91	0.849095657949
87	1.03699820998
95	0.974270859883
70	1.13032687577
94	1.01571602113
78	1.05887086358
70	0.903404120229
99	0.994932432983
97	1.13232095173
90	0.737324541838
86	0.798293377198
82	0.841802170065
84	1.28872327848
74	0.944861082095
82	1.00099703255
97	1.11167907052
92	0.749543853379
96	0.780738383611
95	1.16151596511
71	1.09408675638
88	1.15418688079
79	0.963405414057
100	0.821062033947
98	0.829940603431
71	0.97004556123
91	0.815193677328
98	1.12663088072
85	1.10662596211
83	1.01496184259
83	0.873386789305
75	0.966703306951
87	0.92048620726
97	1.0279123379
96	1.1342777746
93	1.11804058556
72	1.40973935546
89	0.860983508926
101	1.00363282226
80	0.784706506948
99	0.882059492095
72	0.904027693065
92	0.993251827855
99	1.05592891857
86	0.935775766035
84	1.04385458958
76	1.05939657358
84	0.859046332233
98	0.809856416802
97	0.918553445033
88	0.972746169781
94	0.884051515365
73	0.867515729959
102	1.28872179671
100	1.0120993632
90	1.00676508228
81	1.07524869523
100	1.06502586717
73	0.692575182935
93	0.925952651919
98	1.11722641563
85	1.0165639171
99	0.925639666934
87	1.0240809094
77	0.906629564675
85	1.31211926084
103	1.06550060462
101	0.960160788203
95	0.915868746848
74	0.918329273188
89	1.08053149858
91	0.965746191099
82	0.901263292609
101	1.08901868564
94	0.691282145349
99	0.874050941252
100	0.897114579698
74	1.03115203291
86	1.01445213185
88	1.11954173761
78	1.01256389227
104	0.940299098026
86	1.08909365052
102	1.07317700698
75	1.11564790531
96	0.89160589602
83	0.867121353461
102	0.813387985892
92	0.929548198866
90	1.10995724724
100	1.21142779895
101	1.13962855627
95	0.914940865482
75	0.669086107133
105	0.773131679947
103	0.890401804315
87	1.08976740616
89	1.07337953126
79	1.17128230509
87	1.03291687034
103	0.78187206775
84	1.00615490442
76	0.92760439517
97	1.20812555679
101	1.12095353209
93	1.17753837126
102	1.18205974349
91	0.860079272059
96	1.36367274937
106	0.697486794121
104	0.913444787156
76	1.07469799677
88	0.976872014141
80	0.875034812548
90	0.905925021528
104	0.968241516624
88	1.08301379471
85	0.93358506682
77	1.07218439673
102	0.905130294625
98	1.01732291208
103	0.863530292089
94	0.943735429406
107	0.886647318355
105	0.906987935351
97	1.00347776426
92	1.00714411343
105	0.964056887534
77	0.950208425972
89	0.972276669237
81	1.24549400616
91	1.06308554784
86	1.07209378335
103	0.884056838207
89	1.01967742511
104	0.821289876045
78	0.931211346056
108	0.798142698502
106	1.01670425184
99	0.925602758618
95	1.14599193159
98	1.19635732586
106	0.771997277375
93	1.05085327787
90	1.25694206563
78	1.24048160054
104	0.996444142064
105	1.20931787204
87	1.04947685611
82	1.24608395696
92	1.02530236011
90	0.855712827156
109	0.91554204499
107	0.800246362108
79	0.816962251316
100	1.11847213665
107	1.08339556183
96	1.248675476
99	1.17849962675
105	0.926223588058
106	0.849658926545
91	1.05095257379
79	1.35973724837
88	0.828987854645
94	0.986248807826
83	1.36126770734
110	0.948605003613
93	0.89492904602
108	0.780507388123
91	0.960590440103
80	0.871067788259
108	0.973589435064
101	0.903387830394
100	0.948227694608
97	1.01273473453
106	0.844514967339
107	0.909378681928
89	1.19946458392
111	1.0606737903
92	0.66221296846
109	0.938025837918
80	0.794310342708
84	0.881334381445
94	1.03278093993
95	0.857112522619
109	0.995650332638
92	1.11212382774
81	0.897320126211
107	1.18158134997
102	0.903654905791
101	0.951040979965
108	1.08160612781
98	0.89516929634
110	1.04714408291
112	0.787093855365
90	0.814679579709
93	1.25755691796
81	0.593743439245
110	0.957734668499
85	0.954675643146
95	0.877836662437
96	1.11506021456
82	1.07194462061
93	0.958473208648
108	1.06638663972
109	1.26894192981
102	0.832793296913
103	1.05156793085
111	0.991496463119
113	0.910864898454
99	1.31128759261
91	0.713917050876
111	1.17576820174
94	1.01105464337
82	0.657092721868
86	1.08985668621
96	1.27505759217
109	0.967337126759
110	1.0120051472
83	0.754556478838
97	1.00451455628
94	1.02130416515
112	1.0381402208
114	1.02644317718
103	0.90818832941
104	0.77248343622
100	1.12341765217
92	1.04244905458
112	1.06366304989
95	0.902989500959
110	0.983840833234
87	1.13046010652
111	1.08414888075
97	1.12132352992
83	0.756592734115
113	0.921209957504
115	1.09891086869
84	0.750551640218
98	1.27036549791
95	1.14652248296
104	0.941367687855
113	0.965328231752
105	1.03131463596
93	0.839029521336
101	0.86943789201
111	1.19014306805
96	0.982544981719
112	1.51074358221
88	0.919133830891
114	1.02638512143
116	0.99686376277
98	0.953423381766
85	0.639378161793
84	0.855277345966
114	1.11129181883
99	1.13826973314
96	1.05568982833
105	0.98637769138
94	0.789680023309
106	0.948630927851
112	0.879476854162
102	0.961871814107
113	0.98965036101
97	0.956864482774
115	1.16697927005
117	0.772904902999
89	0.920524814259
99	1.30403392257
115	1.02186804604
86	1.12068998215
100	1.14499850409
97	0.988642584788
106	1.53165337425
85	0.950991882094
113	0.917719913003
95	1.03086694914
107	0.791635020591
114	1.11022000027
103	0.755926768435
116	0.928997193447
118	0.800807924186
98	1.20043052702
116	1.05963157539
90	1.01353152249
100	0.784240528057
114	0.821879579227
87	1.20674457483
101	0.861748567403
96	0.927609845138
107	0.978835459121
98	0.867913540021
115	1.05568111042
86	1.18110699507
117	0.856190632246
119	1.07074674557
108	0.941169749659
104	0.908928791958
117	0.774341901652
99	0.910119162529
91	0.985594800598
115	0.990180612699
101	0.887453827828
116	0.935031075863
88	0.834437719544
97	0.947127072779
108	0.941336982321
102	1.04397293058
118	0.849384692468
120	1.14292883423
99	1.02190592008
118	0.813430909788
109	1.11889830888
87	1.21097972792
105	0.995727927715
100	1.10553519422
116	1.14078144711
92	1.07512499199
117	0.983247206936
102	1.25563262944
119	1.02947214155
98	1.09090228151
121	1.05539489458
89	0.75569016758
109	1.10632311379
103	1.01969374836
100	1.04276873319
119	0.847003913672
110	1.09242357832
106	1.15948238019
117	0.918631583225
88	0.803978279532
101	1.40040859941
118	1.02544761997
93	1.10882073918
120	0.721037711921
122	0.951109576273
99	0.943337558714
103	0.989059492622
90	0.850494972054
120	1.01413329234
110	0.86745875687
104	0.809885846416
101	1.03907023509
118	1.04956632466
111	1.06104791355
107	0.813358836463
119	1.10865487675
102	1.03573207535
121	0.957207034787
89	1.01816647771
123	1.24417144405
94	1.10382416946
100	1.27012852553
121	1.10463264896
104	0.87316339484
91	1.23052089581
111	0.87971328505
105	0.949787311293
119	0.983793261854
102	1.03253166554
120	1.00774199274
112	1.01799240784
122	1.05381759752
124	1.06806571891
108	0.904863653246
103	0.902411211276
122	0.988146840345
95	0.815833611528
101	1.05781431221
90	0.945507549985
105	0.880068193958
120	0.931774089891
112	1.00001961968
92	0.794805191169
106	0.970979523927
121	1.05380471636
123	0.862391379188
103	0.800053020111
125	0.887800503219
113	0.967130694666
123	1.12464888275
104	0.863309013247
109	1.33808374831
102	0.985153117392
96	0.757745915083
121	0.83273369742
91	1.10987614393
106	0.885460639973
113	1.15148242007
93	0.940738529161
122	1.01331760374
124	0.894375806299
107	0.983590817258
126	0.995199430286
124	1.11855801988
104	1.08328168816
114	0.976544249561
105	1.07869782144
110	1.29491477589
103	0.991244353858
122	0.936339415909
97	1.21665576721
123	0.826807431527
114	1.23513165305
107	0.926177102359
125	0.988383619742
127	1.02996028794
94	0.790523900084
92	0.648464818951
125	0.862176889073
108	0.972331092749
105	1.04171375716
123	0.956552709642
115	1.01412078427
106	0.93572195544
104	0.992257524856
111	1.00196800534
124	1.15560431848
98	1.23881052395
126	1.14423458536
128	1.10725722938
115	1.01120931616
108	0.9859367294
126	1.01759711493
95	0.802410859346
93	1.22809163484
109	1.09590906352
124	1.11008009694
106	1.24236534739
105	0.825367291989
107	0.880839672548
116	0.950089179931
125	0.922341970738
112	0.877376590957
127	1.14587426649
129	0.950451041789
99	1.11671154839
127	1.07177068582
116	1.03017936726
109	0.910653434758
96	0.835831304362
125	1.13368799092
94	1.15908671647
110	0.845182248909
106	0.793207061819
126	1.14240345292
107	0.945528663901
128	1.28107678771
108	1.01630702042
130	0.951694584626
117	1.23177288892
113	1.12981520902
128	1.23284673663
117	0.897879216305
100	0.974073700772
126	1.00155239224
110	0.899811400792
97	0.836684069028
95	1.03265938128
111	0.724828736619
127	1.15030226329
129	0.838983426337
107	1.0126576695
131	0.758430226182
129	1.21651906775
108	0.875758788852
109	0.778606204791
118	0.948608082537
114	1.01317616976
127	0.754733912949
118	0.834996527522
101	1.08728291952
111	1.03583387806
98	1.01014113664
128	0.859832062857
130	0.983836850422
132	0.894427734351
96	1.09558294901
112	0.866146208908
108	1.13034935598
130	0.992215866629
110	0.927155407087
109	1.00338932298
119	0.775470492425
128	0.907132238582
115	1.02801774882
119	0.832053583088
129	0.92138422908
131	1.14393111474
102	0.984703100663
112	1.08895955075
99	0.999642598708
133	0.960937828248
131	1.26849976264
109	0.991484662144
97	0.980180160328
113	0.929202390492
129	0.915185701382
111	1.01720141027
110	1.12554184569
120	0.942682825218
116	1.11251744002
130	0.955223925817
120	1.06777049358
132	1.06130793297
134	1.00410126311
132	0.898142848501
100	1.19318635946
113	0.827927710594
103	0.903635627503
110	0.966009380778
130	1.07627001214
98	1.27029620123
114	0.945346772878
112	0.815229658806
111	0.921063820977
131	0.949818047392
121	1.07194147138
133	0.948807981778
135	0.907138491256
117	1.06353875046
121	0.866311615487
133	1.08497403792
101	0.876877402981
111	0.887559082777
114	0.917495058422
131	1.08430638136
104	1.0474693983
115	1.18549183537
99	0.879305609939
132	0.97193069877
134	0.823568876395
113	1.12639395606
136	0.932171966493
112	0.993906902545
134	1.08834145904
122	1.07445692821
122	0.907084681538
118	0.893996156519
132	0.916937611355
112	1.33517621058
102	0.926722726623
115	0.958246938096
105	1.03273700479
133	0.980721219737
116	1.11764374997
100	1.13641028542
135	1.04802388061
137	1.01068391189
135	0.943050582911
114	1.0057033776
113	0.841000444126
123	0.888382288534
123	1.14379521512
133	0.960642701693
119	1.08383430727
113	0.951645785012
103	0.810885694891
116	0.954680738213
134	1.13375507426
136	0.984432045882
138	0.807378701562
106	0.979220732586
136	1.14776106353
117	1.06559017287
101	1.06171515275
115	1.07221317499
134	1.34365516821
124	0.958282737957
114	0.997504540123
124	0.98214530214
114	1.07653531305
120	0.946083267548
135	1.00183572113
137	0.970503442484
104	1.1474909379
139	0.797970735931
117	1.09918459406
137	1.19391359195
107	0.967301877715
118	0.967056049609
102	1.00113259005
135	1.29313833026
116	1.10337661762
125	1.12627711922
115	0.8887028228
115	1.21789628698
125	1.05345195623
136	0.901744508772
138	0.866168792839
121	0.88080711922
140	0.872603084281
138	1.0671498899
105	1.17933201769
118	1.00900320522
136	1.08105554289
119	0.844115228214
108	1.3295121887
103	1.08957172616
117	1.02183848082
126	0.937088228134
139	1.17670196776
116	1.21959775754
137	1.15015607454
141	1.21461348177
116	0.872106442411
126	0.93002787005
139	1.05212761758
122	0.963255544235
106	0.877148576376
137	1.11003297212
119	1.00315158975
120	1.06200334541
104	0.698517771185
109	1.04397362769
118	0.892820719924
140	0.821536173428
138	1.31620227589
142	1.11608772918
117	1.25754041988
127	1.09173581997
140	1.03912883419
117	0.84856628456
127	0.943733729462
123	0.855900950761
138	0.960386571377
107	1.20901933701
120	0.945647213491
141	0.973718691718
139	1.06679958782
143	1.04952075288
121	0.993151936365
105	1.07642012711
141	0.838408428086
119	0.964823007725
110	0.883558984979
118	0.950279915184
128	0.927094442595
139	0.7516865886
118	0.901140578043
128	1.11492404305
124	0.968880700145
108	1.3192448362
121	0.839363794194
142	0.942011163593
140	1.01298815263
144	1.02772057414
142	0.865423385885
122	0.82914497235
119	0.942269815268
106	1.12673318539
120	1.04140772228
129	1.05962470052
111	0.927982697059
140	0.779483747899
119	1.04777329038
129	0.871579763314
125	1.07752875459
143	1.12720020662
141	0.983524727055
109	1.02247662623
145	1.06557772556
143	0.829481172153
122	1.22553051216
120	1.06269152132
141	0.919547433281
123	1.00821673472
107	1.07656463657
121	1.12101086437
130	0.900910248324
112	1.00328450278
144	0.892036221832
142	1.0670327492
130	0.954781382259
120	1.09834351736
146	0.887955422263
144	0.9681257118
126	0.819505432168
110	1.13783347518
123	1.14532090031
142	1.05735265052
121	1.04874137012
124	0.890036040552
122	0.940770392607
108	0.66257402731
131	0.85810907581
145	0.981087538576
113	0.883773211097
143	1.12393229437
147	0.890982373619
145	0.856615220931
131	1.10416883158
121	1.02116943671
127	0.960170259429
111	1.04954450242
143	0.837945722598
124	0.920833146705
122	0.903644582259
125	0.998025140275
132	0.935755878574
123	0.954076790236
146	0.80591801825
109	1.56423661762
144	1.06432637831
146	0.854909510855
148	0.917259787843
114	1.04852117659
144	1.13810098045
132	1.15347446206
122	1.00744016028
128	1.04933785667
112	1.14071314336
123	0.849806248729
125	1.18164217784
147	1.00026554227
145	0.99154053293
147	1.04384134078
149	1.10272344046
133	0.963262710535
124	1.18201603027
126	1.02608777698
110	1.13252592802
145	0.833368928876
115	0.796962226854
133	0.803334836578
123	0.944390503059
129	0.791615756695
113	0.988921915036
124	0.978220876177
148	0.952957464595
146	0.989309669754
126	1.06756367813
148	0.947303628724
150	0.773903078755
134	1.19771682008
125	1.00194945757
127	1.15536989294
111	1.08773020939
146	0.864877275594
116	0.853624250924
134	1.00051651013
149	1.04796496303
125	0.947396574418
124	1.04123076489
114	1.00986983106
130	1.17033680843
149	1.10565356469
147	0.965446265955
151	1.21113857839
127	0.930358071443
135	0.818523263183
147	1.10542153667
126	1.16623553143
128	0.928205121617
112	0.827190311897
150	1.18833588924
150	1.07200842917
148	1.13457181882
126	1.11501551253
117	1.05571064212
152	0.834315797541
135	1.35063623214
125	1.03271445297
115	0.797745934092
131	1.02890638761
148	1.01946352616
128	1.2073450515
136	0.980557406151
127	1.0379686111
129	1.00901847902
151	0.852801675417
113	0.743220529479
151	1.13113053148
149	1.10322681326
153	1.05742126976
127	1.19778880363
118	0.841079454436
136	1.17008439791
116	0.619517802619
126	1.10849017034
149	0.93587530411
132	0.93081069436
129	1.08150513698
137	1.07607880885
128	0.87009037233
152	0.863971423406
130	1.16115716423
152	0.992311671831
150	1.02564169109
154	1.04312489431
128	0.84559013735
114	1.0329307422
150	1.37367637804
119	0.90267106471
137	0.986177646533
117	1.01285864687
127	0.770533204606
133	0.8132795016
130	0.911990499357
138	0.866986998836
153	0.915055983882
153	0.96537843117
151	1.14891788496
129	0.741287409176
155	1.2287795534
131	1.16707933702
129	1.13433716608
151	1.13443368865
120	1.01532187012
115	0.957367050734
118	0.954804496008
138	1.11173959036
128	1.02201606535
134	1.25597665017
154	0.947550006254
154	0.912618875631
152	1.03812178393
139	0.903219471777
131	0.903344982559
156	1.11624613183
130	0.980580040968
132	1.06615248563
152	1.12434115648
130	1.26052132605
121	0.960052085224
155	1.10586775208
119	0.961262219688
139	0.92287210745
116	0.955352669139
155	1.08235295343
153	0.984907177545
157	0.881284145337
129	0.950764181768
135	0.936965415514
140	1.09868954482
132	1.00158163308
153	0.973993267318
131	0.943393099901
131	0.824179621774
133	1.21908590511
156	1.34774769162
156	0.987188694567
122	1.06877862033
154	1.3344218097
158	1.23692370865
120	0.794479844502
140	0.724665702791
130	0.872925164188
136	0.810871394818
117	0.999419672341
141	0.747745985495
154	0.98432500163
133	1.07171298418
132	1.04190570949
132	0.899763904064
134	0.902866870735
157	1.3037397249
157	0.967485407049
155	1.12657995325
159	1.01938360531
123	0.918249175267
121	0.748612545801
155	1.16012109565
141	1.01134167246
131	0.876361088704
137	0.976490166308
142	0.934096130319
134	1.01005139349
118	1.04130014009
133	0.816181565888
133	0.981304781511
158	0.94286790624
135	0.978746694614
158	1.03761169599
156	0.834364523279
160	0.879840051634
156	1.08646352762
124	0.983221776972
122	0.819341897393
142	0.843825421353
143	1.44545729815
132	1.02516409668
138	1.02024311647
135	0.88748941147
134	1.09995823667
159	0.791957108662
134	1.20552020891
119	1.07273661221
159	0.882179633497
157	1.2011106744
161	0.99745400694
136	0.960893885267
157	1.10087620988
125	0.979107865563
123	0.799442018524
143	1.01618169878
144	1.00207269893
160	1.0613797421
139	1.22060214184
160	0.930065974927
133	0.919233139723
135	0.80128293035
158	1.596475011
162	0.899079177215
136	0.942306511312
135	1.05772573347
120	0.895602752015
158	0.96526715346
137	0.851295036589
126	0.990362197047
161	1.04450581261
124	0.913766329802
161	1.02530606219
145	0.850846510312
159	1.13214995246
144	0.872781706882
163	0.870051290281
136	0.803842566144
140	1.07262629908
134	1.05310287596
137	0.952525070624
159	0.962084026284
136	0.94608396657
138	1.25481712104
121	0.99452535411
162	0.863311757459
162	0.963523795495
160	1.11490207022
164	1.08521228888
127	1.0329722008
125	1.13900001554
146	0.971812653885
137	0.83435021041
145	0.885158191928
160	0.975209903053
141	1.09578783192
135	1.11205630878
138	0.991017022821
137	1.42633785301
139	1.14807849845
163	0.924843348363
163	0.949585723659
122	0.908804248775
161	1.08181813563
165	1.0280064981
128	1.23819231898
126	0.843652920734
138	1.16473344982
161	1.1484356706
147	1.230569646
146	1.28978068465
142	1.00503546939
136	1.19998229677
139	0.75306101223
138	0.898369660803
164	0.827208456129
164	0.986572879295
140	1.01858121975
166	1.0335654719
162	1.05491694754
162	1.02537507308
123	1.00798102438
139	1.06035546166
129	0.928006136993
127	1.0006824051
148	1.16889383946
147	1.01225206289
143	0.915376382509
165	0.91224157784
140	0.861900167666
137	0.916293670052
139	0.857570961971
165	0.934149822346
167	1.00334785103
163	1.23661819459
141	0.95133634842
163	1.08901876564
140	1.16342088956
130	1.09694517237
124	0.926864873309
149	1.24623870763
128	0.886963578114
166	1.0499735617
148	1.03227397161
166	0.923382993014
144	0.781300456955
168	0.954512155627
164	1.16093516128
141	0.776871416902
140	1.06808541827
138	0.878903298628
164	0.978967022802
142	0.980733879765
141	0.972339391623
131	0.951777126776
150	1.03213443563
129	0.83342007189
167	0.868744275578
167	0.872915456838
125	0.907540095124
169	1.0090919671
165	1.05670487359
149	0.927815496031
145	0.953796796142
165	0.819222192045
142	1.02866949649
141	1.13077504867
139	1.09396650741
143	1.02806349278
142	0.937655884916
168	1.26157260178
168	0.960490855345
151	0.995129641944
132	0.838692198376
130	0.676954816027
170	1.06840060854
166	1.21672846175
166	1.02303541275
126	0.800176460605
150	1.01583937152
146	0.899273503551
142	0.984510764554
143	1.00835640978
140	0.951584711795
169	1.28852084579
143	1.09773321743
144	1.11819778258
169	0.793036891373
171	1.0314232899
167	0.750336536366
152	0.988922331145
133	1.05097782914
131	1.08292180342
167	0.804098990244
151	0.859338465472
127	1.30605365477
143	0.911992696269
144	0.969186868521
147	0.8575859857
141	0.875717988294
170	0.889889419334
170	0.89545585802
144	0.840451418421
172	0.933826594909
145	0.906021106909
168	0.858072477
168	1.03186378201
153	0.939920361223
132	0.978254859741
134	0.978775790756
152	0.800207148298
171	1.00437836045
128	0.854092135721
144	0.930516916788
145	1.04495005249
148	0.99779020041
171	1.02212712695
142	0.947200795557
173	1.00829110153
145	1.05737334024
169	0.904427604397
169	1.21650520488
146	1.09733505748
154	1.12214075844
133	1.15909079268
135	1.16479475109
172	1.00689479178
172	1.06613923274
153	0.862932329602
174	0.883514757448
129	0.867597481035
145	0.812466041186
170	1.22941648312
146	1.05142269617
149	0.881275806684
146	0.906523948404
170	0.94640145888
143	0.946363397399
147	0.855757006554
155	0.848035979533
134	1.03490532844
173	0.923880017804
173	0.941706940579
136	0.82202450046
175	1.00413044784
171	0.967192234306
154	1.03323501078
171	1.01305487747
146	0.897929432851
147	0.812959362652
130	0.713231773184
147	0.926330167065
150	0.979114466435
144	0.91267523087
148	0.935237307655
156	0.932779251159
174	0.982090903527
174	0.952969739494
135	1.12168529125
176	1.15008788126
172	0.993213968191
172	1.22508189997
137	0.974305617579
148	0.858687914537
147	1.26130321179
155	0.992612744558
131	1.06017655824
148	1.04578569714
151	0.908338387505
145	1.2482663182
175	0.985335409508
149	0.710814638793
175	1.21941654992
157	1.15275025027
177	0.975672768518
173	1.21064307805
173	1.08212558692
136	1.35504242759
149	0.95342438629
138	0.827329173061
148	1.10981883692
156	1.01695158576
132	0.781852607768
149	1.17680585357
152	0.853424552192
176	1.0114260451
176	0.933393170199
146	1.29807632643
178	1.05102729084
174	0.901661631049
158	1.36392361855
150	0.992404769853
174	0.938288818855
137	0.940488612762
150	1.04673737571
139	0.963076018672
149	0.82778359663
177	1.20319024638
157	0.977993653262
133	0.953499343291
177	0.894914659061
150	1.02353649489
179	1.17398258141
153	0.859459842399
175	0.913659948145
147	1.01380256708
175	1.01290734721
159	1.11294873686
151	0.92656098065
138	0.758188870413
151	1.11231464753
178	0.939073666404
178	0.900157926986
150	0.894233637579
180	1.08470353921
140	0.815012260481
176	0.990488753132
134	1.07108650059
158	1.02759419707
151	1.09058529773
176	1.10028469781
154	1.01484482844
148	0.863589261453
160	1.06394326609
152	1.03587256417
152	1.16679939452
179	0.775847983345
139	0.793387508146
179	1.03531442661
181	0.758994620281
177	0.881061455137
177	0.950244007314
151	1.17809783204
141	0.910001060765
159	0.842764549454
135	1.20788706213
152	0.98141702027
155	1.34497647247
161	1.1511778528
149	0.826973622511
180	0.879506871655
153	0.793371050898
153	1.17453895302
180	0.93497372258
140	1.0969966268
182	0.954955670004
178	1.40702275274
178	1.08276485266
152	1.05029204018
142	0.946482068601
160	0.815964904862
136	1.11677472032
153	1.03815937004
156	1.11823095213
162	1.25119963257
181	0.861861628801
150	1.0306465463
181	0.908176489755
154	0.941294646545
183	0.812062074513
154	1.00177228191
179	1.26068106927
179	1.07947831053
141	0.932666050102
153	1.13918345871
154	0.992672158901
161	1.02170825136
137	0.996812983813
182	1.21911049981
143	0.917947910806
163	1.20580963263
182	0.907124381844
157	0.845638311603
184	1.03910936311
155	1.05819234389
151	0.98284685753
180	1.21318828722
180	1.00163350975
155	1.15948801693
142	0.917735442626
154	1.16916069725
183	1.049810029
183	0.936731327311
185	1.12068435232
155	0.8171601913
162	1.10914315157
138	0.944135297499
164	1.32918357742
144	0.845524317371
181	1.10334948767
158	0.859340935233
156	0.946667986569
181	0.88727470795
152	1.05520305047
156	0.964331651461
143	0.797233441936
184	0.794798722174
184	0.825944909958
155	0.878961003667
186	0.855199955544
182	1.02439464656
165	1.37513048216
139	0.917206805031
156	1.16105988322
182	1.06048369339
163	0.814730173951
157	1.31361483899
145	0.89237533138
159	1.05445311557
153	1.12399451176
157	1.02618231484
144	0.897379669594
185	0.848840864031
185	0.906457615431
187	0.886110180319
183	0.924295818216
156	1.0884563747
183	1.11933466417
166	0.971264526154
158	1.08431367887
140	1.16837801769
157	1.13793046792
164	1.01708471681
160	0.917306418263
146	0.92202448758
154	1.15251015749
186	0.792808974636
158	0.859180210562
186	1.08008960037
188	1.15617349825
145	1.25241557495
184	1.17923953015
184	0.982815179683
157	0.880937464739
159	1.06570090874
167	0.99877294626
141	1.425267178
158	0.952280136961
165	1.19029432002
187	1.01250387989
161	0.76439355273
147	1.17351148828
187	1.06042862325
189	1.0373042041
155	1.26392213165
159	0.849505383891
185	1.0178806597
146	1.09929473571
185	1.16355710905
158	1.05173556533
160	1.12604379009
168	1.08844031515
188	0.89327168706
159	0.986880075399
188	1.2145048862
142	1.03496471187
166	1.1001036174
190	0.831143855029
162	0.890726502222
186	0.92934969228
148	1.04257713544
186	0.831738829026
156	1.07538224312
160	1.01251368138
147	0.897360983098
159	0.989345735534
161	1.10581475947
189	0.786217453225
169	0.885703321121
189	1.2223535708
191	1.20608519331
160	0.769690927619
143	1.04238131346
167	0.965926106526
187	1.06217974487
187	1.43233093982
163	0.899576317537
149	1.08057601523
157	1.04095770985
161	0.839547097368
148	1.19556655283
190	0.78850458153
162	1.03158044019
190	1.01720540444
160	0.906755626833
192	1.14289684176
170	1.26277638826
188	1.03706088284
188	0.785578910823
161	0.803598872709
144	1.33548888988
168	1.15355063837
164	1.07509850976
150	1.14928347105
162	1.12292856376
158	0.782740804958
149	1.03474944874
191	1.06253894175
191	1.02774395736
163	1.43907313435
193	0.899812260485
161	1.15892448812
189	0.869285079285
189	0.920406883381
171	1.29735213028
145	1.15687563347
162	1.10591752706
169	1.22259729049
165	0.85420130722
192	1.12230956061
192	1.19214873785
163	1.10421665964
151	1.16308359259
159	1.13152555607
194	1.05594667502
150	1.27453203482
164	0.861946968093
190	0.874621579919
190	0.924148592065
162	1.06211393488
172	1.1274521156
163	1.11859815407
146	0.925489156025
193	1.09955977946
170	1.02738556233
193	1.06704212062
166	1.11037205622
195	0.81256819403
164	0.98595823782
165	0.898425494974
191	1.09839022382
191	1.09207286732
151	1.13572495672
160	0.923459701096
152	0.967940463947
163	1.05205943991
173	1.12225990504
194	0.895801814782
194	0.957865160301
164	0.999918166199
196	1.07866022457
147	1.28434788118
171	1.01246018011
192	1.06683534603
167	0.901785524797
192	0.990086201172
166	0.852657039308
165	1.21904166697
152	1.11578485531
161	1.05593031602
153	0.833447514241
174	0.940054791371
164	0.978060630632
195	0.884706643985
195	0.99102237433
197	1.18457627773
193	0.984531308824
165	1.00707279911
193	0.95063557289
148	0.590575724504
172	1.08321573661
168	1.22128528014
167	1.20839344379
153	0.793584971486
166	1.11515567911
162	1.04399371047
154	0.785948645223
196	0.829566564902
175	1.02411264855
165	0.895454213823
196	0.915742287631
198	0.943270218589
194	1.02767011993
194	0.855941413701
166	0.885997609295
149	0.735908793943
173	1.2107353043
168	1.06546304995
169	1.15358461682
154	0.643592769243
197	0.741267445622
167	0.904040143373
197	0.893495521121
163	0.955900246795
199	1.30645719805
155	1.03804889038
176	0.825929382407
166	1.09669244477
195	0.984672115796
195	0.974415201444
169	0.980037436131
167	1.0616465487
150	0.89468653159
174	1.14181353776
198	0.902937728406
170	1.09513466737
198	0.966102410452
155	0.972857723067
200	1.26393645344
168	1.01426821678
196	0.934242685489
164	1.17132962371
177	1.03399923645
196	1.04091951949
156	0.872939263915
167	0.963713485931
170	1.0217327144
199	1.22075680849
168	0.935544698815
151	1.21326099809
175	1.14383871151
199	1.17992518134
201	1.07201904323
171	1.26210690709
197	0.957943062491
156	1.11592671438
197	1.14113374138
169	1.01699852857
178	1.02511845775
165	0.95063794696
168	0.954019910323
157	1.05478607581
200	0.871286404121
171	1.05742641188
202	0.930135787651
200	0.808091835048
169	1.00498255525
152	0.862611491028
198	0.969090816736
176	1.09975252739
198	1.00085149069
172	0.938123658663
157	0.990078657516
170	0.888879841335
179	1.71256971445
166	1.01442572634
169	0.988927996416
201	0.893373642684
158	1.01308933601
172	1.43413519203
203	0.906323524388
201	1.04316469861
199	1.12520109283
170	0.909776441129
199	1.01228839561
153	1.04217687484
177	1.07096708113
173	1.15780785516
158	0.844643869651
180	0.853296284312
171	1.05432055542
202	0.936064371075
167	0.973712581896
170	0.964443885845
202	1.02634680017
204	1.00615416986
173	0.94751262036
159	0.986368611522
200	0.89581938799
200	0.915456066485
171	1.20902961883
154	0.920197098068
178	0.791016175623
174	1.02700965814
203	0.883909768079
159	1.04005537363
181	0.860560594391
172	0.913790651827
203	1.33178501121
205	1.51102796675
168	0.996421239116
201	1.03662132817
174	1.03196828968
171	0.999675646267
201	0.883248441905
160	0.903341920438
172	1.17847582659
204	0.881502145903
179	0.973100609335
155	0.862228251687
175	1.02030119657
160	0.979832548542
204	1.45446139168
182	1.10438478177
206	1.61281549821
202	1.15876575887
173	0.942355580506
175	1.05878851064
202	1.0942784682
169	0.979625652429
172	1.10116587906
161	1.04101080298
205	0.7559993372
173	0.889752351074
205	0.836648041414
207	1.04152191034
180	0.879926592908
203	1.08203053726
156	0.83611482156
183	0.981153424018
176	1.10349894238
161	1.04414929544
203	0.919151938482
174	0.983184547236
176	1.0205543703
173	0.841555028206
170	0.986047359699
206	1.01187186867
162	1.04202697105
206	1.04643256928
208	0.868330444086
174	1.06216347867
204	0.946455203149
204	0.821216472623
181	0.939244587055
184	0.980393052101
157	0.921435689202
177	0.984014269855
162	1.51530240158
177	0.835393487022
175	1.08103121672
174	1.00308366469
207	0.940090044307
171	0.800844556891
207	1.03937833717
209	1.23350706127
205	0.985202705667
163	0.830645590783
175	1.1549489846
205	0.921423753891
185	1.07785786916
182	1.10612120303
178	1.20101723574
158	0.735829872896
163	1.18466875319
178	1.06471881038
176	1.16231367088
208	1.14592123486
175	1.08563640799
208	0.811793424054
210	0.773609462654
172	1.08135337471
206	0.840342241939
206	0.857692952912
164	1.12681193514
176	1.12275073458
186	0.949871606404
179	0.853636067736
183	0.935171685508
164	1.79649599229
159	0.818773838272
209	1.44032394741
179	0.883327819485
209	1.2842548895
177	0.919405629194
211	1.15461149989
207	0.86851367686
176	1.18364667348
173	1.13542750582
207	0.881786750723
165	0.980662039224
177	1.12583771078
180	1.32681236796
210	0.961165864015
187	0.83536891568
184	0.77726038185
165	1.08095755774
210	1.08430054317
212	1.3490459809
160	1.10908504801
208	1.16849597704
180	0.920035049128
178	1.00430815925
208	1.12816908767
177	0.911103733279
174	1.00079413314
211	1.1286589132
181	1.02281454793
178	1.03639212466
166	1.10289915805
188	1.14512771618
211	1.00613414431
213	1.47892670621
209	0.927947334756
185	0.957343508129
166	1.1255073323
181	1.05466431975
209	1.07197528583
161	0.672906884731
179	1.00598686786
178	1.26241932199
175	1.27646973794
212	1.3747575333
212	1.05140535973
182	1.30457429718
214	1.04728116269
210	0.988671426731
189	1.21000798607
179	1.12036642334
167	0.991060362365
210	0.784593584118
167	1.20940404586
186	1.27636148343
182	1.12794115999
162	1.09886178275
180	0.893911101443
179	0.966918466986
213	1.18451937342
176	1.13852737551
213	1.13689368242
215	1.13670240409
211	1.07654030678
183	1.34722575788
190	0.958519102697
211	0.861469590816
180	1.31800914589
168	0.893512515449
168	0.593511903399
187	1.0096455966
183	0.959758634507
163	0.890692006656
214	1.59238234658
181	1.09600500595
180	1.07826796751
214	0.792090547869
212	1.08028860685
216	1.1044653278
177	0.992221053457
184	0.919694789934
212	0.967906585502
191	1.05308742706
181	0.983602196507
169	0.872116154237
169	1.05561421228
215	0.769413551728
188	0.929091750082
184	0.905798123388
215	1.16461383382
164	0.689839329112
213	0.900718864567
217	0.817476768383
182	1.22633866704
181	0.957280865573
213	1.04432029802
185	0.964415713928
178	0.957020122317
192	1.05338706779
182	0.877556751876
216	1.14331676343
170	1.14006664753
170	1.10004664768
216	0.899453877858
214	0.821631691018
189	0.905675664445
218	0.955115577743
185	1.14843762745
165	0.784470971782
183	1.31932695512
214	0.963288815713
182	0.991874189322
186	1.17506917581
179	1.06967564644
193	1.09627153225
217	0.971495771557
217	0.971921135519
183	0.90810499185
215	1.10948237306
219	0.913405606375
171	0.670238938259
171	1.00867024877
190	1.51316329222
215	0.814458795833
186	0.760286707712
166	0.970349444662
184	1.0367625178
183	0.962907089929
187	0.951899776871
218	0.906204593977
180	0.960318350699
194	0.766349026268
218	0.979189246292
216	1.08595659972
220	0.985123115297
184	1.1615179044
216	1.05439795809
172	0.983827053862
191	0.958831041296
172	1.23146049677
187	1.00488616312
188	0.829052502914
167	1.30034447748
185	1.15423396863
184	1.13928704305
219	0.945421223591
219	1.08378458499
217	1.19574035816
221	0.800773135963
195	0.739375029046
181	1.3766040171
217	1.22572660055
185	0.954701448095
173	1.07585426297
192	1.32635267464
173	0.910391007069
189	0.67829172411
220	0.890273510099
188	0.993886659382
168	0.951416171172
186	0.890398638879
185	1.01408506864
220	0.913441286295
218	0.870431945707
222	0.709597526109
196	0.775738388268
218	0.898580353857
182	1.03898893546
186	1.23701115053
174	0.780580041692
221	0.972270999968
190	0.981540395238
193	1.28150343855
221	0.959216321723
219	1.2679861261
174	0.912548146262
189	0.92822879231
223	1.37244922039
169	0.850211020851
187	0.955524387056
186	1.0364038414
219	0.872434507308
197	1.19303026792
183	0.956425017076
222	1.01869779733
187	0.801227711875
222	1.28302087697
220	1.03584439372
191	0.930086806043
175	0.918821636393
224	0.829941924991
194	1.00192802997
190	0.776387185453
175	1.03644820243
170	1.18721499753
188	1.05004753449
187	0.874365495901
220	0.739583300175
198	1.24057441654
223	1.19885096378
184	0.878225918409
223	1.01883901816
221	0.878434435129
188	1.09165987191
225	0.855048949085
192	1.01831051047
176	0.792485256716
195	0.978928268573
221	1.13922605291
191	0.988223464138
188	1.0803237541
176	1.09926071477
189	0.932422862112
171	1.22580421661
199	1.04203835053
224	0.990085530224
224	1.12396125806
222	1.12195218919
185	0.944739280621
226	1.09080080021
193	0.792517831754
189	1.06743483302
222	0.713667271538
177	1.02302127499
196	0.961168149562
192	0.922191610129
189	0.915652864856
190	1.05330730431
225	0.78542093427
177	1.23520683283
172	0.730716513906
200	1.41626298418
225	1.18374484564
223	0.981591382692
227	1.10856406648
186	0.976376955402
194	0.715305991589
223	0.832025268944
190	0.973473213822
178	0.6360985151
226	1.01782453745
197	0.963454071229
193	1.19470515913
190	0.939169518648
226	0.898400100099
191	1.16743610681
224	0.725139797544
201	1.34263240795
178	1.25284858675
173	0.96005605686
228	1.21507053744
224	1.10702407599
195	1.03360789862
187	1.01733845444
191	0.817014446413
179	0.926546275568
227	1.18719891487
227	0.970001037332
225	0.846946324041
198	0.847883335131
229	1.40295321693
191	1.08234403657
194	1.02796823241
202	1.01281558907
192	1.02427965408
174	1.22294347169
179	1.25421620827
225	0.931817835203
196	1.10305476246
188	1.14403829796
228	1.00942734679
192	1.17284834755
228	0.93999054081
180	1.0149606824
226	1.1119945148
230	1.37628134613
199	1.06545960019
192	1.06269824543
203	1.05438823827
195	0.846636135461
226	0.985523702499
193	0.876173413382
175	0.99643483436
180	1.19096229933
197	0.920225035009
229	1.67312715218
229	0.89335547403
227	1.17797913402
189	0.883667573306
231	1.34483759658
193	0.916821012496
181	1.15608962615
227	0.709316646827
200	0.950328489581
204	1.09747514319
193	1.11261303065
196	0.937115975797
194	0.962393734729
198	0.918123282783
176	0.784640240039
230	1.26220598138
181	1.08006791087
230	0.894895643101
228	1.22794664447
232	0.815061602925
190	0.908113429046
194	0.999815137156
182	1.24229208153
228	0.819529000146
205	1.11612954449
201	0.975507026703
194	0.929086691855
231	1.10901869158
199	0.890942731786
197	1.35816868691
195	0.890013484973
231	0.884508224121
177	0.807616578
229	1.10827903395
233	1.13415160486
182	0.897364040146
229	0.686692356993
191	1.06135447704
195	0.959451329545
183	1.01712483626
232	0.616960459051
206	0.649216697215
202	0.970221723852
195	0.980706548528
232	1.0226658873
200	1.00630750562
230	1.17642039143
198	1.12007876124
234	0.741857035296
196	0.88492552099
178	0.78903916722
183	0.963671540435
230	0.801426217797
192	1.25543076525
184	0.928174927063
196	0.996838409709
233	1.05836881203
233	0.884518125498
207	0.865258892167
231	0.800753941029
201	1.02068682199
235	0.989888078729
196	0.959759874713
203	0.974120111549
199	1.11576293368
197	1.02542036045
179	0.950858898909
231	0.807350297466
184	0.923815518675
234	0.983393489632
234	0.751465051875
193	1.00808770329
185	0.899481566813
197	0.969512524455
232	0.700580275737
236	1.39088213118
208	1.05193248517
202	1.1685021707
197	1.07496798802
204	1.00527168743
232	0.822106472136
200	1.25694658157
198	1.03246367953
180	0.774105700731
235	0.875120312706
235	0.907902998021
185	0.906770802076
233	0.786560983745
237	0.586494381496
186	0.618608825628
194	1.16679938116
198	0.888176214881
203	1.34353026257
209	1.82729236213
233	0.924152102824
198	1.10822892938
205	1.08111907998
201	1.51713136905
199	1.01295124856
236	1.03411183592
181	0.863235871748
236	0.89302965677
234	0.760405681847
238	0.595106921836
186	0.989340439389
187	0.821494218132
204	0.933130877744
199	1.03039982992
195	0.916431505005
210	1.13890510879
234	1.01712410219
199	1.02815419732
237	1.02071804364
206	0.774400210265
237	1.10657828962
202	1.21745365891
200	0.8584924998
235	0.924865100203
239	1.34781939931
182	1.13324117137
187	0.70598497948
235	1.07794998107
205	0.903703811515
188	0.729075766968
200	0.8695844785
211	0.883419057411
196	0.892830559067
238	0.911715795664
200	0.933362697819
238	1.26153832037
207	0.773454479617
236	0.838229127181
240	2.5266280363
203	0.955964696992
201	0.900818504859
183	2.06702452156
236	1.29345561327
206	1.00307854561
188	0.763530244224
189	1.10021965091
212	1.05390033864
239	0.954406755815
201	0.95289879627
239	0.779193137229
197	1.16100283723
237	0.939595247787
201	0.959585217324
241	3.58344362438
208	1.05819463543
204	1.28189893096
202	1.09888506575
237	0.847080065969
184	0.847688798054
207	0.858210410659
240	0.620333054841
240	0.91248905331
213	0.885173285474
190	1.10742058127
189	0.93234307356
238	0.990526587052
202	1.50279784973
242	1.10551175612
198	0.909238322121
202	1.26845962452
209	1.22631804286
238	0.842332307427
205	0.981033475425
203	0.894439203068
185	0.991601610753
241	0.800809043691
208	0.99425425306
241	0.72647760018
239	0.67130404969
243	1.34829474837
214	1.13837527283
191	1.04552445791
190	1.0563556249
203	0.841730154799
199	0.936443451072
203	1.00708530535
239	1.27199363205
210	1.32712274782
242	0.73838400704
206	0.886601239714
204	0.884689003751
242	1.07867253563
209	0.987936975856
240	0.802412081897
186	1.3664627127
244	0.763402874716
215	1.18757773986
192	0.907792442403
204	0.883607593063
191	1.14698792931
240	1.01724041149
200	1.14259634721
204	1.14754883309
243	1.05591288613
243	1.07834329602
211	0.801550095099
207	0.813960941031
205	0.837884735508
210	1.05434942509
241	0.893850723711
245	1.67956031428
187	1.01159238554
216	0.910478693824
241	0.884325608493
193	1.002842643
205	0.87303226246
192	1.18159889814
244	1.11078517059
205	1.04983028839
201	0.974653629858
244	0.76318549617
242	1.27308300366
246	2.12694318844
212	0.822375293948
211	0.951562668719
208	1.03067066565
206	0.971810053511
188	1.0105277642
242	0.896561514581
217	1.10425877251
194	0.757962714541
245	0.785624750716
245	0.988595588689
206	0.98922063327
193	0.943300618509
206	1.02617588688
243	1.35153963016
202	1.01314274236
247	2.06292542167
212	0.864223615704
213	0.885089121508
207	1.37151973192
209	1.14002645616
243	1.34118907423
189	1.63791204437
218	1.14463283474
246	0.879972503332
246	1.07761550359
195	0.578335897263
244	1.22608499456
248	2.21397591761
207	0.847919899444
207	1.13857372412
194	0.988377347136
203	1.16863883703
213	0.885066180403
214	1.08001660963
244	0.797930479837
208	1.52915269886
210	1.05995028605
247	1.26043241957
247	1.13339776009
219	1.12386586469
190	0.920994678718
245	1.47071748381
249	0.941809891539
196	1.11707446532
208	1.01018053176
208	1.01104809694
214	0.945463802089
195	0.977439571062
204	0.839401090994
245	0.970819037623
215	0.933175684368
248	0.762784359313
248	0.478745276085
209	1.29743765143
211	1.08870997944
246	0.458932247302
220	0.724323727395
250	0.94576822004
191	0.8770162313
197	1.17755543513
209	0.98710542275
246	1.03466075307
215	0.644847360377
209	1.17290188774
205	1.04274415427
249	0.897014861208
196	0.955480827804
249	0.987262474505
216	0.89580067313
247	1.8278140608
251	1.3035429769
210	0.97512064151
212	0.878367210015
221	0.940028711913
192	0.857845447048
198	0.93769967412
247	1.04401529773
216	1.23902908579
210	0.916436084289
250	1.25451255277
210	0.922722348559
250	0.67204823422
206	0.8540495737
248	1.02133502192
197	1.08454809022
252	0.912748721102
217	0.912972105426
211	1.01479642252
213	1.25618170513
222	0.692075486751
248	1.51121266677
193	0.960264924338
199	0.913772497723
217	1.3042572248
251	2.08107532015
251	0.808519156933
211	1.11876238681
211	0.988511077825
249	1.31415527349
253	1.29933281512
207	0.87500031711
198	1.26401376782
218	0.846481012416
212	0.822787036265
223	0.701081715841
214	0.913038276491
249	0.789247654682
252	0.733001121092
252	1.31897292486
194	0.831164632303
218	0.788890735382
200	0.957840497315
250	0.682041605914
254	1.57384607741
212	0.835382431359
212	1.01280770855
208	0.904434472193
199	0.987055995814
250	1.23425705688
219	0.616665870841
224	0.898424068318
213	0.836804606495
215	0.693797878154
253	0.484752868538
253	0.65741370589
219	0.852407890805
251	0.898022385518
195	0.976670585188
255	0.298377103915
201	0.860707677612
213	0.997419992649
213	0.902459061265
251	1.65623014788
209	1.48726968214
254	0.824221621379
254	1.14207860969
225	0.997316536691
200	0.929383353037
220	0.743943722922
214	1.14428748977
216	1.0516404009
252	0.700510137201
220	0.683152268247
196	1.0583372038
202	0.863423025173
252	1.49827082614
214	1.12799834997
214	1.13915865252
255	1.30763803297
255	0.896423629522
210	1.27872504375
253	1.69626276918
226	0.690202831614
221	1.20339251441
201	0.969750986105
221	1.12878972414
215	1.05300682017
217	1.01395262275
253	1.38265135342
197	0.984577682246
203	0.732415217995
215	1.1395239377
254	1.43292745395
215	0.95656044458
227	0.916165049396
211	1.08547361598
222	1.21017925288
222	1.18860914723
202	1.0461026432
216	1.30462631686
254	0.677395481019
218	0.904402108641
198	1.32800957842
255	0.409229888979
204	1.13785400559
216	0.966179436087
228	0.772429596935
223	1.16346954313
255	0.417344135783
216	0.9317673454
212	0.946964198395
223	0.829450681034
217	0.909555422826
203	0.920136743644
219	1.35243554558
199	0.750811142224
205	0.773505270412
217	0.987240902489
224	0.917900410992
229	0.850050135383
213	1.05043353552
224	0.832858527954
217	0.989998413998
218	1.03120484156
204	1.0868433103
200	1.3998810769
220	0.895084662726
218	1.02725765848
206	1.31301719004
225	1.14111650834
230	1.12447593881
214	0.833435170876
225	0.687838593197
219	0.901819142583
218	0.949094884514
201	0.861747791909
205	0.979692889306
219	0.843848417258
226	0.945934400859
221	0.881507525366
231	0.767985651348
207	0.740251991763
215	1.0561791222
220	1.03282019044
226	1.16250072989
202	0.753435034509
220	1.1545318389
227	0.593229913777
219	1.05090383566
206	1.02003208987
232	0.975863467779
222	0.840742728035
216	0.696469731427
227	0.892304525983
221	0.959397656671
208	0.939281946196
203	0.928609545345
228	1.06364403508
221	1.02378874907
233	0.979931140324
220	1.02704797285
207	1.08608039576
217	1.01049831945
223	0.903803226553
222	0.969964730727
228	1.0249874318
204	1.26458127121
209	0.848547218306
229	1.27842647119
222	0.866898202639
234	1.12886419583
208	0.872754198099
218	1.11070172284
221	1.08250373959
223	1.07979705593
229	0.962058061553
224	1.00088736151
230	0.896972778289
205	1.1028055679
223	0.80718315036
210	1.09100640098
235	1.20024132483
224	1.01453651289
222	0.783172633548
230	1.04065757341
209	0.90717791923
219	0.955430698744
231	1.07483098207
206	0.83244947253
224	0.94186938265
225	1.42652929784
236	1.19261491922
211	0.950762489685
225	0.978489432502
223	1.03688459329
231	1.22857458964
232	0.717854857899
210	1.18157748795
207	1.67818089115
225	0.864393229468
220	0.911332725483
226	1.4297560722
237	1.51064660485
226	1.10804029357
232	1.05035504356
233	1.65239190493
212	0.941006587852
224	0.873686827676
208	1.75340170353
226	1.09475494606
211	1.2677558814
227	0.982076542451
221	0.830248606713
238	1.42462831497
227	1.54296577281
234	1.29572310092
233	0.961763983904
225	1.14262765119
227	1.16412903205
213	1.09012475465
209	0.902329330021
228	0.599190602985
212	0.87377871536
239	1.29189537518
222	0.917513872714
235	1.24920315084
228	1.16483804824
234	0.796246890313
226	0.938887073239
228	1.38082160357
229	0.836230439414
210	0.685289595986
214	1.21294077037
213	0.93592268577
240	0.972233691847
236	1.02340601583
229	0.91766571823
223	1.04930934107
235	1.00025760898
227	0.784705408806
229	0.877663919645
230	0.953430676053
211	0.989481678372
237	0.904758864583
241	1.37581382907
215	0.855422566951
214	0.813506985676
230	0.757853845499
224	0.917281259624
236	2.07592124415
230	0.960315524512
238	1.40098669711
228	1.15922537546
212	1.84494828209
242	1.35438280328
231	1.18561294352
215	1.03798082462
216	0.575343524924
231	1.15553412141
237	1.80451932498
225	0.999926139758
239	1.92695791236
231	1.35562580731
229	0.830612296187
213	1.23397814598
243	0.523965012095
232	0.932961823304
240	0.921980260461
216	1.06533258511
232	1.22427048495
217	0.908109066399
238	1.12597335222
232	0.933314906566
226	1.3775404854
230	0.943411176357
244	1.16489456164
214	0.922708466902
241	1.12220300816
233	1.50626936137
233	1.29800769961
217	0.923516106886
239	1.32402776365
233	0.944380041286
218	0.821091473939
231	0.689845980479
242	0.683386946355
245	1.45164722356
227	1.1620474737
215	0.776568701502
234	1.04061503612
234	1.14979979159
240	0.802396845338
218	1.26175317323
234	0.668370743687
243	1.02506685889
232	1.01116014152
219	0.878855994148
246	1.02482689824
216	1.07074408344
228	1.88717132654
235	1.08909452944
235	1.04257507205
244	0.777423375052
241	0.731200606151
235	1.07358006555
219	1.01809656528
233	0.907274507836
247	1.46244315109
220	0.993036097024
245	1.14665296935
236	1.4069886721
217	0.969038323053
229	0.955937241549
236	1.38553471183
242	0.832898843996
236	1.10110603959
234	1.2815247008
220	1.17308908973
248	0.962122708601
246	1.66201496084
237	1.15387128552
221	1.58484656788
218	1.16700732235
237	0.933022547646
243	0.9461351127
230	0.751550698136
237	1.12297811717
247	1.48092412187
249	0.520778621653
235	1.62334803006
221	1.02061280314
238	0.766350461828
219	0.777479570424
222	0.722061314428
238	1.54805596432
248	1.01009253474
238	0.662292725444
244	0.890752445277
250	1.440119363
231	0.854473230439
236	1.22130158757
222	0.889973689804
239	1.18730059987
249	1.08427111875
220	1.07219985912
239	1.03600534536
239	0.947421042454
223	0.848497532142
245	0.742885746546
251	0.668550218269
237	0.954157407441
232	1.0619313703
250	1.48934478499
223	0.771349517795
240	1.35051860304
221	1.37352637155
240	0.639726566565
240	0.888225210262
246	0.510691766139
252	0.964994288304
224	0.970166530226
251	2.47639327791
238	0.900680531166
233	0.711835191947
224	1.01196274108
241	1.12498228091
222	1.21609576776
241	1.24090079866
241	1.16443606414
252	1.22423246496
253	0.47702504907
247	1.26069814608
239	0.925081513392
225	0.927761197615
225	1.30610568568
223	1.29251940547
234	1.01478042896
242	1.03946104958
253	1.89438080936
242	1.63935597206
242	1.06370486783
254	0.74869443018
248	0.887014689578
240	0.679714291743
226	1.22998598817
254	2.99157209996
224	0.85008359336
243	1.00528232025
226	1.14856266912
243	1.2318009461
235	1.07320031578
243	1.29932790941
255	0.773660851193
249	1.72717532889
255	0.67048850756
241	0.969319405265
227	0.868262487133
225	1.01996110601
244	0.994342266994
227	0.72829645556
244	1.30792055212
244	1.08297522747
236	0.717701346474
250	1.51014216965
242	0.586422013626
228	1.39636018263
228	0.856350570921
226	1.48619126485
245	1.43828335391
245	0.975526899644
245	1.36843411959
237	0.649208862259
251	0.780380567462
243	1.0417923581
246	0.715035605863
246	0.435473775151
246	1.30282427541
229	1.45041485578
229	0.939966406402
227	1.43192088202
252	1.08295583927
238	0.862909368575
244	1.5570699517
247	1.73958451641
247	1.19749324631
247	0.763746444416
230	0.753586107901
230	0.785321218426
228	0.718885376836
253	1.16345404642
245	1.16142421653
239	0.966888196942
248	1.70829705874
248	1.21993630469
248	1.26416849624
229	0.616253769469
254	1.16167510273
231	1.05252584357
231	0.635746664215
246	1.30173520661
240	1.32347566419
249	0.825497848588
230	0.723086914777
255	0.482126539367
249	1.03798433039
249	0.639643480995
232	0.795284178004
247	1.05056046705
232	0.75771033847
241	1.00343080775
250	0.87873212495
231	1.03433255171
250	0.854752966999
250	0.956921125433
233	1.36913374297
248	0.391981521579
233	1.51612629568
251	1.16626782581
242	1.10855913513
232	0.644457096915
251	0.874033921219
251	0.927498857906
234	1.00808121748
249	0.755274801975
252	1.46561693424
234	2.39970733885
233	1.1575964205
243	0.573876677812
252	1.53062823318
252	0.826308797249
250	0.780292300675
235	1.05713307066
253	0.513831506369
235	0.811913683556
234	1.99766723351
253	0.688253295135
244	0.789430753604
251	0.818136235903
254	0.994168834201
253	1.52112000699
236	0.833331581904
235	2.15473601582
254	0.64414063784
236	0.578243136801
252	0.885694997854
245	1.11670433772
255	0.247261024028
237	0.784698830468
254	2.51685802582
236	2.47145038817
255	0.575514013367
237	0.531956724471
253	1.01156625238
246	1.05013225311
238	1.23082627518
255	0.450672941138
237	1.71610623048
254	0.641486429128
238	0.94969267334
247	1.51752115572
239	1.01106180884
238	1.07681153127
255	0.872246499455
248	1.21394158981
239	1.18643489149
240	0.516992359468
239	0.826716540398
249	1.45041006538
240	1.06084909881
240	0.916183628967
241	0.859856580581
250	1.17800725209
241	1.2712823661
241	1.10592892556
242	1.03107811438
251	1.04664947718
242	1.03837754513
242	0.807906484925
243	1.48684326602
252	0.714711773084
243	0.503045125079
243	0.779047338835
244	1.09673427172
253	0.837791264635
244	0.610815200371
244	0.923553184898
245	0.838016272932
254	0.688366174041
245	1.11138852582
245	0.553964091246
255	1.41595225339
246	0.524414555618
246	1.20399155107
246	0.982942132995
247	1.87734972967
247	0.824530355751
247	2.31409433213
248	1.2354136942
248	2.52011127223
248	2.40615789399
249	0.677923116899
249	1.71209240028
249	0.282622728298
250	1.70561286175
250	1.29119834658
250	1.19644097451
251	1.00707231985
251	0.675940268434
251	0.668461364686
252	1.23040190235
252	2.68114766506
252	2.43615031393
253	1.36160053118
253	2.87656891656
253	3.55111363261
254	1.22488072094
254	4.22895432337
254	1.07539847766
255	0.266786315107
255	0.196586771504
255	1.87030263315
