1	0.0
1	0.0
1	0.0
1	0.0
1	0.0
2	-3.09637628236e-06
1	0.0
2	-3.33361391926e-06
2	-3.44462467494e-06
1	0.0
1	0.0
1	0.0
1	0.0
1	0.0
2	-2.93234443195e-06
2	-2.90599753455e-06
2	-3.14785128927e-06
1	0.0
1	0.0
3	0.336775304112
2	-3.47699963285e-06
2	-3.05706260542e-06
3	0.583693965015
3	0.721821469421
2	-3.10457106552e-06
2	-2.95657740011e-06
2	-2.98305350869e-06
2	-2.86282404771e-06
2	-3.59881591992e-06
2	-3.40804038503e-06
3	1.15627865695
3	0.551647236819
3	1.40300719722
4	1.08421786532
2	-2.78558298404e-06
3	0.19205494671
3	0.383464790575
2	-3.26496101182e-06
4	1.25419437355
4	1.13476057694
3	1.41696627885
3	1.0035020489
3	0.635962205697
3	3.4562492689
4	1.30517145657
3	0.902033103551
4	1.16253468631
4	0.768722218093
3	1.134832155
5	0.639770123225
4	0.867522837872
3	2.72080516336
5	1.76576635542
4	0.911507427061
5	1.98902275325
4	0.791266614065
3	1.5800563088
4	0.412479602912
4	0.496716540011
5	0.56456230267
4	3.34215042865
5	0.462384012947
5	2.68106196307
4	0.372631461291
6	0.441580567395
6	1.13515593536
5	1.35143911363
5	1.15610016674
4	0.917907463613
6	1.07189979594
5	1.06509107036
4	1.63527346228
6	1.47309901865
5	1.79413310874
4	1.78775008534
5	0.600777589257
5	1.32322663215
6	1.84900541148
6	1.71026676521
7	0.580695570096
5	1.06537547633
6	1.24031885961
7	1.38009786431
6	1.19949570337
7	1.10101835569
6	0.916844538846
5	0.920711489104
5	1.98710013465
7	1.19941446996
6	0.589894022915
6	0.538830979418
6	1.37920794196
7	0.913692325956
5	1.43411451942
7	2.20211941034
8	1.55191622032
7	0.909403413529
8	0.924834451982
8	0.75891661445
7	0.371530542061
6	0.459804317827
7	0.984747706708
8	1.52450390447
6	1.82059508753
7	1.0519530805
7	1.09144151031
6	0.791622250789
8	0.9088409999
7	1.45679161608
8	1.58616979321
8	1.09379815591
9	0.936182190058
6	1.62081191409
9	1.55377471751
9	1.22193000319
8	1.41384430966
7	1.08197881398
8	0.802291818607
9	0.791366364195
8	0.661677255096
8	1.42622647597
9	0.602458895699
7	1.4881269119
9	0.777144397037
8	1.1684835856
9	0.396300709713
10	0.942036208451
7	0.77126733743
10	0.575209676261
10	0.852737686035
9	1.54169865201
7	1.36632924276
8	1.69461132939
10	0.447702739935
9	1.13044535447
10	0.888351225371
9	1.18502935201
9	2.14148024127
10	0.545661690886
11	1.50314715118
10	1.6945516671
9	0.460075696305
8	0.563176217433
11	0.699792716584
11	1.38468890278
10	2.40297741076
8	1.05257602624
8	0.610519230718
11	1.213229412
11	0.789541932938
10	0.929449768219
9	0.945778891851
10	1.77076960964
11	0.971769577177
10	0.517962973986
12	0.9074778837
11	1.24781444279
10	0.953548730708
9	1.20065048257
12	0.921458221641
12	1.25745613645
11	1.19955978638
9	0.679689050724
12	0.697975405971
12	1.19198339993
9	1.73664920397
11	0.767109019149
11	0.960308976371
10	1.38350609606
12	1.54585127036
13	1.00321176714
11	1.06779817801
12	0.667691333162
13	0.90781344009
10	0.802009938026
11	1.34931688051
13	1.01647255564
12	1.1620654698
13	0.52347090214
10	0.976928300934
13	1.30454267617
12	1.22352724149
12	0.935890328468
10	1.4820577388
14	0.944126925524
13	0.524346422718
14	0.987266826837
11	0.635781149475
13	0.894028749483
12	0.714391452125
11	0.870827096873
14	1.16202787186
12	1.14873039225
13	1.19806928278
14	1.25086587312
11	0.827889781696
14	1.33491012667
13	1.35012669335
13	0.866747012538
15	1.01990058012
14	1.59966536381
15	1.17952590779
15	0.966392070001
14	0.857698295477
12	1.48002313963
13	0.932884263519
11	0.841624229256
12	0.75476680511
13	2.38088180986
14	1.54759384392
15	1.16382456562
12	1.78392435048
15	1.29874552194
14	0.939756316947
16	0.871206614437
14	0.693180176824
16	0.870378332395
15	1.34858422774
16	0.775089680571
13	1.38584308037
15	1.67875159444
14	1.54251120672
14	0.304088181559
12	0.581919558177
13	0.770577747061
15	1.23530580008
16	1.05709217327
13	1.02947641646
16	0.971414400448
15	1.05563218766
17	1.23810583408
17	0.848682167282
17	0.822366973576
16	1.21648413878
15	1.06209133555
14	1.83111292927
16	1.51150491061
15	1.80433039295
15	0.820326068136
16	1.06166015585
14	0.97293433483
17	1.50696250499
13	0.92949695064
14	0.910099441197
17	0.821519449602
18	0.832352294611
16	1.30719083304
18	1.35554800625
18	0.795433983234
17	1.39834474681
15	0.915998504595
16	1.13089079713
17	0.859003739129
16	1.43493275885
16	1.72252514574
17	1.87278493665
18	0.788162700295
15	0.351319312822
14	1.12549992143
15	0.833951004487
19	0.885221624422
19	1.56261589768
18	0.987124338094
17	1.68595556898
19	1.29688310421
16	1.28838486984
18	1.3688638539
18	0.942019831052
17	0.877098446903
17	1.20516766649
19	1.3801369156
18	2.19127671785
17	1.08214296845
16	1.35080832022
15	0.900848069754
20	0.947610254922
20	1.12332338478
16	1.10287260707
20	1.09724624442
19	1.093008626
18	0.779048826735
17	1.68331096374
19	1.02845473964
19	0.8322276482
18	1.2200123634
20	1.11577564062
18	1.09877568965
19	2.450897743
18	0.940532320326
17	0.792533908815
21	0.796850162385
21	1.13606046494
21	1.03852159105
17	1.17556510492
19	1.51094382594
20	0.836226697846
16	0.828750329802
18	0.812506849414
20	1.22461263493
20	0.649331488749
21	1.01939460833
19	1.14266397289
20	1.16379425523
19	0.673123134592
19	0.927763704508
22	1.14957465452
22	0.804601144382
22	1.11906092666
18	1.20787001722
18	0.864257411576
20	1.09671448178
21	1.20423370804
19	1.03235133204
21	0.771749963078
17	1.1322499617
21	1.10900726853
22	0.698380832291
20	0.742552338324
21	1.25214327063
20	0.918706057785
20	0.79187130738
23	0.872008558324
23	0.981344144468
23	0.913199859446
19	1.23973448623
21	0.972814156322
22	1.14555750565
20	1.10332362888
19	1.49792488353
22	0.896776426898
22	1.34059052001
23	0.665000024679
18	0.759188953566
22	1.38046617251
21	1.01364757494
21	0.895307796791
21	2.12309513974
24	1.21524548646
24	1.28932288284
24	1.15156083794
22	0.783884091461
21	1.11050698192
20	0.687632652088
23	0.866555024852
23	0.690091090691
20	0.618414999903
24	1.06978022472
23	0.865278249554
23	2.12035250384
19	0.771380398358
22	1.28335934862
22	1.14981674457
22	1.09822636368
25	1.73393359161
25	1.2413296206
25	1.3123367556
22	1.60859926824
23	1.22526871842
21	0.856895643341
24	0.979432330384
24	0.7415630681
25	0.930221311892
24	0.89041595193
21	0.75206308701
24	0.803714115865
23	1.30490785658
23	1.07953857258
20	0.709510695224
23	1.034167574
26	1.43022073862
26	0.94634488266
26	0.562883128853
23	1.46965533921
24	1.46662864031
22	0.803859415619
25	0.854663175645
26	0.932912378947
25	0.968996074058
25	0.738028841474
22	1.17079665455
25	0.848110220685
24	1.00634827448
27	1.12170942236
24	0.794966859685
24	1.62340098673
27	0.862736419693
27	1.68380440709
21	1.09639066677
24	0.622152197593
25	1.07561433559
27	0.999370941191
23	1.07668471263
26	1.15739581934
26	1.15436630795
26	1.26091530625
26	0.719319925125
23	1.31759543716
28	0.87358701527
25	0.947671742457
25	0.80458807379
28	0.954515228227
28	1.47788367863
25	1.0497133447
22	1.4519577402
25	0.668617022573
28	1.27627227552
26	0.73538276682
27	1.17580256502
24	1.18592378081
27	0.697447324539
27	1.35616493622
27	0.946794080323
29	0.779012591671
24	1.27375456535
29	0.934879195166
29	1.07278571877
26	0.911657142929
26	1.10629461433
26	0.972462668476
26	1.00479597985
29	1.33706055334
27	0.912943641009
23	0.846644783621
28	1.1397903693
25	0.980606319875
28	0.694368789234
28	0.972536073426
28	0.766286188352
30	1.10091258239
30	0.966546879497
30	0.888272179631
27	1.20526262338
25	0.618052491379
27	0.877181768394
27	0.838620952093
27	0.898447662895
30	1.0390256942
28	0.956302717065
29	0.838279012129
26	1.04301903127
29	1.07240670454
24	0.846428710052
29	0.982925729666
29	1.28964980254
31	1.28119217377
31	1.16573328831
31	1.06406757108
28	0.631111213442
28	0.901936689187
28	0.907209453825
26	0.638760907805
31	0.837384580009
28	0.511304259211
29	0.952669865885
30	1.13243551501
27	1.06564035995
30	1.08297294313
30	0.891210865168
25	1.42229628811
30	1.06830038516
32	0.996694977234
32	0.728121891333
32	0.97333419926
29	1.28792650032
32	0.722151165474
29	1.03437577157
29	0.586266845018
29	0.813213740751
27	0.839849275885
30	1.27762285029
31	0.735022963741
28	1.08526571827
31	1.03617201226
31	1.07088855728
33	1.03438278818
31	1.56598060841
26	1.1546665414
33	1.3704843187
33	1.19344455938
33	1.00822147319
30	1.373826329
30	1.09892477594
30	0.435595353193
30	0.848602305593
31	0.805482725566
28	0.770455416329
32	0.964814240167
29	0.895766310099
32	0.831930935051
32	0.549503645398
34	0.827303578974
32	0.855847458865
34	0.784244636484
34	0.902561821931
27	0.794704199829
34	0.575871036802
31	0.648164991415
31	1.01766001168
31	0.814341190294
31	1.16956001774
32	1.21927457156
33	0.956039095214
29	1.19628448625
30	1.05479254689
33	1.20816201257
33	0.772847702801
35	1.05600996497
33	1.15211779176
35	1.06752489687
35	1.15469048912
35	0.792394320547
28	0.919576397882
32	0.73608242724
32	0.800420409716
32	1.0733699047
32	0.994883073003
33	0.807026966073
34	1.23610532798
31	0.770975322239
34	0.800298936815
36	0.902103142549
34	1.06628974611
30	0.713786104112
34	1.08213419771
36	1.21986300488
36	0.982634607222
36	1.08200408928
33	1.10392099549
29	1.0692194369
33	1.26005115583
33	1.32741553241
34	0.914509054436
33	1.01405559786
35	1.0637721651
37	1.24749362656
32	0.851417530876
35	0.766483740706
35	0.833203273364
37	1.2979498251
35	0.710078178566
31	0.704770429798
37	1.11799826579
37	0.877506289358
34	1.25153119968
34	1.07245181512
35	0.963231159201
34	1.34066099631
30	0.876998074548
36	1.23640497754
34	1.21502263608
38	0.746887902898
33	1.04663081144
36	0.909733780647
36	1.0773137544
38	0.79744925042
36	0.853113845389
38	0.934431824996
32	0.909207433656
38	1.16989084693
35	1.37534279045
35	1.132013318
36	0.929486261748
35	1.03369478507
37	0.961091192745
39	1.08169962557
35	0.966985119744
31	0.915531928319
34	1.06443091437
37	1.0512647783
39	0.89246517387
37	0.904884012369
37	0.898662295708
39	0.850262530683
39	1.3152022618
33	1.05863568985
36	0.853724538362
37	1.02529571892
36	1.63729899058
40	0.859591455943
36	1.44735153251
38	1.31347264733
36	0.776399562855
40	0.952926207103
38	1.06185278698
35	0.905988463749
38	0.860355399179
32	0.984272479661
38	0.959930800443
40	1.16665879111
40	0.735663370644
37	1.37805720885
34	0.739444776857
38	1.11558454115
41	0.853091204292
37	1.31754025957
39	1.25568633981
37	1.63252879278
41	0.964679739514
39	1.04060543105
37	1.11663161681
36	0.706517200229
39	1.1205400893
41	0.826112252467
39	0.908344598957
41	0.936631384299
33	0.962191239443
38	1.31916606736
35	0.971442105764
39	1.17891907161
42	1.07771387458
40	0.655300503318
38	1.0078057663
38	0.934873147834
42	1.19480035644
40	0.938728697057
37	0.998599900931
38	1.1949850636
42	1.48758587655
40	0.88005891176
42	1.04751608168
40	1.04966299162
34	0.654002735543
39	0.896691359721
43	1.01531990616
36	2.26540780387
40	1.16648937862
41	1.05416629248
39	0.807931021291
43	0.966085419076
39	1.17530197848
41	1.04939947445
43	1.2828442491
43	0.978262361941
38	1.11566646079
41	0.965860387371
39	1.00669602119
41	1.01727485638
40	1.51143626099
35	0.913794256618
44	0.779473171522
41	0.866405784424
42	1.06836748485
37	0.929318651781
44	0.902521489688
40	0.857243629281
40	1.42277352369
42	0.855310473996
44	0.928699927314
44	1.49823813152
39	0.722079064507
42	0.685921307128
40	1.0948458709
42	0.847868890904
41	1.53900103361
45	1.18518242959
42	0.84746646808
36	0.920264874153
45	1.13745762535
43	1.22024453655
38	0.85762254344
41	1.0599054013
41	1.23065933531
45	0.950648002933
45	0.908683930288
43	1.0319352387
43	0.998917589416
40	0.737612290489
43	0.784439972094
41	1.02609644832
42	0.982531217532
46	1.00769271229
43	0.940291851547
46	1.09009612518
44	1.26093570393
37	1.12015223388
46	1.4638124698
42	0.888456723974
46	1.10016338643
42	0.750709964769
44	0.995795671074
39	1.31651543512
44	1.09248055242
41	0.867330213996
44	0.831081651921
42	1.02441814449
43	0.911347700805
47	0.95811647279
44	0.846377440623
47	0.894027933474
45	0.938864753926
47	1.23163640802
47	0.966616824424
43	1.12014233633
45	1.15831406229
43	0.945723675452
38	1.22327693884
45	0.771186533159
42	1.04899446099
40	1.20578725612
45	0.813130234427
44	0.855564170885
43	1.13944684946
48	0.933172109473
45	1.67397732766
48	0.874222067384
46	1.26877400408
48	1.00563851094
48	1.0432435467
46	0.992286493951
44	1.3730198524
44	1.31645435082
46	0.938833640194
43	1.02183538629
39	1.26082487325
46	1.11848082574
41	1.43000772458
45	0.998625111963
44	0.890777840536
49	0.698659297033
49	0.808997488859
46	1.30694481163
49	1.59192144461
47	0.976403095441
49	0.815601027932
47	1.18476359609
45	0.981554983507
45	1.1148754423
47	0.975170505626
44	0.791162872657
46	1.04316870298
47	0.77812008341
42	0.778702341292
40	0.878550220792
50	1.16327465054
45	0.969326777284
50	1.12090119596
47	1.04338270975
50	0.839515257149
48	0.897528406413
50	0.816452082849
48	0.883645365755
48	0.865291920578
46	0.821207883392
46	0.924346059943
45	0.924315471562
47	0.86679969061
48	0.897541818065
51	0.826634756834
46	1.21771129331
43	1.52210302434
41	0.846382703151
51	0.882683913642
48	0.706419968602
51	0.957541412964
49	0.581956156245
51	0.91584741078
49	0.878923932912
49	1.04922605314
47	1.2764776072
47	0.832867473716
46	1.10256013418
48	1.5152510529
49	1.25404893101
52	1.08244295852
47	1.1421846713
52	0.957030974294
52	0.898894538224
44	1.05892902719
49	0.831981260426
42	0.892562074298
52	0.969741049319
50	0.945897607829
50	0.895514769547
50	1.15071641746
48	0.691555333107
48	1.09234492118
49	0.641739779905
47	0.904794305558
53	0.931973737001
50	1.18695972663
53	1.33913183166
53	0.889892534332
48	1.01167683322
50	0.891104908275
51	0.976001234651
45	0.595076135845
53	0.840759178552
43	1.06169130775
51	0.884014697002
51	1.09323677663
49	0.686986043871
50	0.910214254599
49	1.07331847093
54	1.10311779892
48	0.994236837828
51	1.06608622539
54	0.991781654505
52	1.30514177664
51	1.01397462625
54	0.845970071861
49	0.985825565963
54	0.948816623074
46	0.633927923779
52	1.05884785708
44	0.90837304833
52	1.33841396224
51	0.901656526915
55	1.43168209866
50	0.961946424908
50	1.21887360327
49	0.956016372117
52	1.35266792186
55	0.900086792267
53	0.966770213686
52	0.837350521686
55	0.925063732136
50	1.14822590573
55	1.08442230928
47	1.01254201703
53	1.0283489008
53	0.883668988768
56	1.01208520856
52	0.725967636359
51	0.855551310412
45	0.674212405435
51	0.925840187006
50	1.1851847508
53	0.893892737012
56	0.882411319078
54	1.27135306219
53	0.992982404386
56	0.924546264586
51	0.934953805331
56	0.996521550171
54	0.968192919915
54	1.01381380128
57	1.01934916738
53	0.916122636561
48	1.15223468856
52	0.884591228373
52	1.00271798645
51	0.834323171879
46	1.27920383024
54	1.12236414272
57	0.984389146907
55	1.17580589014
54	1.20718408362
57	0.935645332127
52	0.866513557497
55	0.980996232291
58	0.956751526099
55	1.3552932225
54	0.866853421376
53	0.883649242916
57	0.9946180064
49	0.952723422637
52	1.12674883858
53	1.13161746915
58	1.17380133101
55	0.875056261796
47	1.07447418079
56	0.984911420115
58	0.889928935667
55	0.935745627766
59	1.51085921497
53	0.867976713136
56	0.987432829512
55	0.850443885342
56	1.00480781595
54	1.16601981149
53	1.14024504892
59	0.810511576281
54	1.01529585744
50	1.23011278019
58	0.875039225082
56	1.06583630796
59	0.940812390866
57	0.860634135676
48	0.991009782367
56	1.23502796554
60	1.35909661509
57	1.05132403854
56	1.07193493996
54	1.1441195463
57	1.12618874932
55	0.904829208298
60	0.874904865587
54	0.958041670686
55	1.14846003067
57	0.99336557626
51	0.910583670254
59	1.22308282229
60	0.953738431043
58	1.06201799075
57	0.856106421466
49	0.95923779735
61	1.05275378882
58	1.15009359746
57	1.02929723623
58	0.813663177596
56	0.84953534477
61	1.16201528225
55	1.09568820403
55	1.08351096803
56	0.805531710065
58	1.14029080688
61	1.17820354828
52	0.783476235509
59	0.876372469095
58	0.938239205791
60	1.24906064593
62	1.1318803444
50	0.828999362832
58	0.937476120241
59	0.948811076493
59	0.868521234742
62	0.874226734186
57	1.44673407588
56	1.11722409933
56	1.18880096453
57	1.12686098446
59	0.925825798499
62	0.811226155611
60	0.864093913058
59	0.98581087595
53	1.11997994031
63	0.933039941572
61	0.999558990943
59	0.788709811152
60	0.938877725806
63	1.12945423621
51	1.09314312989
60	0.89789918221
58	1.14135249404
57	1.00475462627
58	0.74116066226
57	0.85059547086
60	1.03703395403
63	0.85685188056
61	1.17139794188
60	0.998282600964
64	0.874082672238
54	0.734484175719
60	0.81167576646
64	1.37030322139
61	0.955377576562
62	0.965109226573
61	0.997576481558
59	0.867378048465
52	0.730232124752
58	1.00857910405
59	0.66941144136
61	1.10776992739
64	0.964537765065
58	0.970062218699
62	0.987477316016
61	1.00584622725
65	1.07364928661
55	0.941689527264
61	0.742994406757
65	1.06218620429
62	0.945335438848
62	0.82243399337
60	0.605753103335
63	1.05717814903
59	0.962681771211
60	0.963493137742
65	1.1415863329
53	0.878508320575
62	1.11813868309
59	0.911308457379
63	0.8816094317
66	1.07679292282
62	0.884582207784
66	0.937803842511
62	0.956483045379
56	0.922196497981
63	0.911346858889
63	1.08141116723
61	1.09768915164
60	0.841657507334
64	1.01438304816
66	0.90817347073
61	1.15997731826
63	1.04417891818
54	0.876145553109
60	0.893350341474
67	1.04304857997
64	1.28277917651
63	0.75212919084
67	1.2490687792
63	0.932536475933
64	1.04481992386
57	1.06395983348
64	1.09017858335
62	0.714529081336
61	1.12523530361
67	0.792735900557
62	1.04686696007
65	1.05969249593
64	0.843230449572
68	1.13217781073
65	1.08223419634
64	0.928175560917
55	0.842004198663
61	0.94362901185
68	0.772031359457
64	0.734417049271
65	0.769283899001
65	0.886746271876
63	0.883071191673
58	0.87905273616
68	0.980209029181
62	1.16717615651
63	0.971622504376
65	0.889717404039
69	1.12936546114
66	0.984430758068
66	0.979762337062
65	0.92481180689
69	1.16477743465
62	1.14808660925
56	0.955031413655
65	0.953719108477
66	1.09092314017
66	0.933939146343
64	0.932970936757
69	0.820105120616
63	0.911748744934
59	0.944195923505
66	0.998343368734
64	0.721622909139
70	0.706921772997
67	0.82589991107
67	1.08448191391
66	1.1088759942
70	1.07988315921
66	1.1194564519
63	1.01733421745
57	0.958684228982
67	0.943626904086
67	1.1033599351
65	1.0660375596
70	1.01395361494
64	0.913309537431
71	0.77003340504
67	0.840930591302
60	1.21403482952
65	0.933231851396
71	1.20399819036
68	0.806196737762
67	1.19747516826
68	1.01393200455
67	0.950511168484
64	1.08818542758
68	0.749525293934
58	0.929220914717
66	1.06712284063
68	0.835106008952
71	0.843850192755
65	1.08478547214
72	1.29158596489
68	1.17436217677
66	0.792398254097
61	1.10908261557
72	0.92965075459
69	0.894236584183
68	0.756204212989
68	0.743406143542
69	0.911089138485
65	1.18734986892
69	0.913494336929
67	1.35210749569
69	0.861089164648
72	1.15292115997
59	1.29755828391
66	0.914158654284
73	1.44232960014
69	1.26809211581
67	1.42869866284
73	1.13550430414
62	0.856475461637
70	0.87999414058
69	0.811001235011
69	0.820739712619
70	0.861686574486
70	1.02162194593
66	1.07710154821
73	1.21412300835
68	1.19676161714
70	0.774160191527
74	1.20619863382
67	0.925142924184
60	1.04331189358
70	0.931856159317
74	1.18314438131
68	0.866667967617
63	0.768445394788
70	0.877154451582
71	0.802203958247
70	1.01163586258
71	1.15081456522
74	1.21303106381
71	0.898820634676
69	0.813337799031
71	0.921741640383
67	1.01191710325
75	0.952323115653
68	0.892291830863
75	0.785710819639
71	0.820459824513
69	0.961991913738
61	1.16406510401
71	0.695279970874
72	1.0786817477
64	0.803662204701
71	1.07837332654
75	0.918360808795
72	1.20960385014
72	0.908921231639
70	1.02956964045
76	1.14852323819
68	0.843957113373
72	1.07036354875
69	1.04773180487
76	0.886942440979
72	0.80179412966
70	0.974961230795
72	0.913112129478
73	1.0968014193
62	0.885023665634
72	0.974779635243
65	1.1689146268
76	0.92114586985
73	1.36163559084
73	1.35602479874
71	1.17467836381
77	1.11963930973
77	1.31673550758
69	1.04907327954
70	1.28610544218
73	1.08728221353
73	0.770048105848
71	1.01909635789
73	1.05601902516
74	1.3290019836
73	1.07167731293
66	0.904810154522
63	0.972002729051
77	1.44381673872
74	0.929703689377
78	0.949775689958
74	1.0271627534
72	1.25349047785
78	1.42409551133
71	1.08845815694
70	1.10623631131
74	0.98483480314
74	0.844877018016
72	1.06468345713
74	0.944096476459
75	1.11050517557
74	1.08065152897
67	0.854474449096
78	1.26720027296
64	0.936009458114
79	1.03331282396
75	1.12190646602
75	1.13455117434
73	1.10987090518
79	1.39230925053
72	1.28215787737
71	0.980181718623
75	1.0313340048
75	0.919088181662
73	1.3727842695
76	0.928044249037
75	1.23167381815
75	0.791303068395
79	1.01723689389
68	0.919101783353
80	0.802995365489
76	1.00385476933
65	0.885390635096
76	1.07888045403
74	0.860376643983
80	1.37699278028
73	1.0662837521
76	1.01276216497
72	0.951377056318
76	0.946468837705
74	0.962466261453
76	1.11014266707
77	1.12612596016
76	1.02373068154
80	1.01804848528
81	0.967967372355
69	1.0915655387
77	0.830287066246
81	1.05636096294
77	0.876050710203
75	1.00353764624
66	0.897560187445
74	0.912583133498
77	0.845702815633
77	1.01357986982
73	0.876534297456
75	1.18766919835
77	1.20124048839
78	1.02482269409
81	1.42164184356
82	0.898710945921
77	1.05553374301
82	1.03194651969
78	0.997821536797
70	0.997639995685
76	1.32983212528
78	1.16114531554
75	1.01027025715
67	0.887660761754
78	1.03625522463
78	0.76969425225
78	1.06160796064
74	0.906272945628
76	1.17034100805
79	1.06827407677
82	0.954799895607
83	1.04215281784
83	0.957881476496
79	0.877572891745
77	1.25723139191
79	0.98694139718
78	1.0461751162
71	1.0830715907
76	0.94416495326
79	0.908384039679
68	0.983581094244
79	0.924138242773
79	1.05915065417
77	0.873177497542
75	0.871522687897
80	1.38487869931
83	0.84297694996
84	0.947119328858
84	1.10025669618
80	1.17228595272
78	1.06335470144
80	1.02020958984
72	1.58657165738
79	1.17689392616
77	1.13360054229
80	0.971424484607
80	1.08158713378
80	0.694374735639
69	0.960183550381
78	0.802149742726
81	1.16274153149
84	0.961703472228
85	1.09227611155
76	0.862033723069
85	1.08006289102
81	0.9241627976
79	0.93557767572
81	0.879780084243
73	1.02856408409
78	0.887429471709
80	0.890528759429
81	0.899862509576
81	0.953858285696
81	0.954906895467
86	1.20498995973
85	0.995606270121
79	0.96139584872
70	0.946427059855
82	1.01866909487
86	0.972528804729
77	0.985223118059
82	0.741357597739
80	0.935842959433
82	0.884837706937
74	1.14244033085
79	0.973954948779
82	1.03446284166
82	1.28234051428
81	1.2406122529
82	1.28051544958
87	0.930606284269
86	0.844951583884
80	0.829113343003
83	1.29008202859
87	0.86255327911
71	0.958316972782
78	0.839951500175
83	0.941547650278
81	1.13178270977
83	0.947630880267
80	1.06012097351
75	0.766424181083
83	0.9352378037
83	1.07511578448
83	0.841419920681
88	0.767681423357
87	0.879487686651
82	1.23130768855
88	1.04266258081
81	1.00225653707
84	1.1493421134
79	0.950832912955
72	0.99684197326
84	0.967282821373
82	1.10845190488
84	0.907801731158
81	1.08444001043
76	0.636919505516
84	1.03982706541
84	1.05791316369
84	1.03235568767
89	0.958099460361
88	1.02710010134
89	1.19992848965
85	1.03556797704
82	1.08726715413
83	0.94962145448
80	1.02823239181
83	0.95163705392
85	0.824194228852
85	1.02376361726
73	1.06590403536
82	1.00862771853
85	0.941272139842
85	1.10894518656
90	0.843342101805
85	1.22699353989
77	1.34721696998
89	1.07251317594
90	1.0749370762
86	0.936853983679
83	0.733272726562
84	1.31528500233
84	0.893122391944
86	0.923263294733
86	1.15612698279
81	0.973920384109
74	0.957944959109
83	0.744798633365
91	1.00011109403
86	0.966545197498
86	1.01239162542
86	1.0708919962
90	0.996917701128
91	0.903314021059
78	1.0071061123
87	0.795499472568
84	0.852810000375
85	0.816517650324
85	1.18008237174
87	1.23396592252
87	0.984357128114
82	0.838023857207
75	0.945903867087
84	0.921334903311
92	0.989770114663
87	0.995768144493
87	1.00539296494
87	1.14996352688
91	1.02720324163
92	0.937807420261
79	0.915979181525
88	0.980924840893
85	0.834612492836
86	1.00555985916
88	0.962230880053
88	1.06318783843
86	1.13984067114
83	0.881912979247
93	0.933207070823
85	0.934362526804
88	0.82603401534
93	1.18458139354
88	0.988286149994
92	0.918661046009
88	0.964019143929
76	0.962164176387
80	0.94036749052
89	0.950596990243
86	0.982934460858
87	0.839682111208
89	0.715037739077
89	1.20328801848
94	1.11795683899
87	1.20664174185
84	0.907955750415
86	0.960657484148
94	1.07102660424
93	1.16793074928
89	1.07748595462
89	0.889898724619
89	0.910974166658
77	1.33829537124
81	1.01812894301
90	0.837928309092
87	1.10124250984
88	1.14046147055
90	1.19671795138
90	1.16439613804
95	0.980936638397
95	0.990171290333
85	1.04449996759
87	0.792705646721
94	0.936232022264
90	1.35879158736
88	1.12443752552
90	1.01749583093
90	1.00987482176
78	1.05454854933
91	1.12382671744
82	0.950868869489
88	1.22306074422
89	0.963147753191
91	0.929254856123
91	0.914140644878
96	0.821990426492
96	0.959715689662
95	0.858932707311
91	0.94107927762
88	0.804207587786
91	1.11399088263
86	1.33269729176
91	0.974789940078
89	0.792944215941
92	1.01545734992
79	0.873778308734
83	0.825575872779
89	1.29548200077
90	1.26869731209
92	0.882568861057
92	0.955320346542
97	0.751291853451
97	1.06667002383
96	0.836107330228
92	0.835749113153
89	1.01437614598
92	1.17721789615
92	0.907753554912
87	0.994046285861
90	0.905025437413
93	1.04348388514
90	1.17668512896
84	0.94116484709
80	0.857190204051
91	0.950454440596
93	0.94448239926
98	0.777957479636
93	0.914207968027
98	1.22781798224
97	1.07002422786
93	1.09203228837
90	1.02732258164
93	1.17024841981
93	0.818706474273
88	0.883102573312
91	1.01293858813
94	1.05481732107
91	1.05432531057
85	1.09465866071
99	0.975943589987
92	1.05429432804
94	1.00894185355
94	0.928402368946
81	1.14835288454
99	1.12820228049
98	1.12525219496
94	0.933734196569
94	1.04817572427
91	0.924636759364
94	0.981932963003
89	1.36779349716
95	1.18880226426
92	1.02604639326
92	0.993930711014
100	1.14661899044
93	0.902997880158
86	1.17638118729
100	1.23850201701
95	0.934344894652
95	0.831113691692
99	0.8511865208
82	1.23472935456
95	1.02955596147
95	1.06641211488
92	0.963242979145
95	0.958471383703
90	0.90754807684
96	0.748875885885
101	1.09637659991
93	0.96930347706
93	1.00504497312
101	1.07856890284
94	0.935213163247
96	1.10666303478
96	0.92113431283
87	1.41316748652
100	0.997576472933
96	0.656787382995
83	0.809015441776
96	1.04662966532
93	0.986235088006
96	1.02212998372
91	1.00461778829
97	0.884366996389
102	1.05133374833
102	0.891818108021
94	1.32743730055
95	0.980602325459
97	1.43820354621
97	1.03816376125
94	0.89050923151
101	1.47624073013
88	1.24917495083
97	0.854754492884
97	0.889405763797
94	0.909120099469
84	0.94703996509
97	1.11120906296
98	1.07098453199
103	0.7954042767
92	1.08354415042
103	0.768459366209
95	0.87456440281
96	0.762891376442
98	1.27645943832
98	1.0079659314
102	0.956182311957
89	0.784550777096
95	1.01329456417
98	1.02587681312
98	1.10960525431
95	0.862000003777
98	1.12296657823
85	1.07987809503
104	0.884545976012
104	0.809010751538
99	1.14988185098
93	0.850230107752
96	1.2328355821
97	0.974378329892
99	0.899724155239
103	1.19584831548
99	0.825748455724
99	1.29957548849
90	1.23944591831
99	0.887626876796
96	0.939269805752
99	0.84815602706
96	1.09118888778
105	1.03894672692
86	0.9130269683
105	1.30109249779
97	1.05166920399
98	0.918708620416
100	1.02562227316
104	1.1007246386
100	0.760568524929
100	0.877133989365
100	0.881190567398
94	1.06855518955
100	0.993724148338
91	1.11923474518
97	0.915891206716
100	0.989259089217
97	1.15547605343
106	0.839710717076
87	0.967440985562
105	1.21169812878
98	0.775217189243
99	0.968985754975
101	0.962233612847
101	0.918160046996
101	0.946841226311
106	0.840213895581
101	0.947221438651
101	1.05888622653
95	1.03633645489
92	1.11904782225
98	0.930175962934
107	0.879345354046
98	0.878360343032
101	1.44775807479
106	1.5064076196
88	1.15158814567
100	0.924033207489
102	0.890007928149
99	0.847521163224
102	0.978198377732
102	1.01965713056
102	1.00591468127
107	1.01088136821
102	1.03047060145
93	1.05735025492
96	1.04442971728
108	0.877942578576
99	1.08088544339
99	1.15777364951
107	1.09367671259
102	0.946981886453
101	0.948652263476
103	1.09826090163
100	0.745420666444
103	0.908724622969
103	0.816480471361
89	0.98931114006
103	0.954247748472
108	1.19307144898
109	0.750245482918
94	1.08551730512
103	0.802184662957
100	1.01310121451
97	1.21803884123
108	0.888280816919
100	0.965800240571
102	1.45138107137
104	0.976690414265
104	0.827254582677
101	0.834082929232
104	0.747870012992
103	1.20672064694
90	0.997878486559
104	1.06892890955
110	1.22759940172
101	0.906307482137
95	1.19414558339
109	1.01226674218
104	1.21755104168
98	0.954820171706
109	0.940484436761
105	0.892284772613
105	1.01900060064
103	1.25024301261
102	0.943985296668
105	0.782359308284
101	0.912285101194
104	0.914120269303
105	0.874804165068
91	1.0080375481
111	1.03506268096
102	1.06630840967
96	1.03433927309
110	0.976601667064
105	0.992370316441
110	0.961823823439
99	1.07806717526
106	1.07572066777
106	1.11995768527
104	0.956252217754
103	0.995742185112
106	1.0222571261
102	0.914847933912
106	0.956628298462
112	1.21620902112
92	0.811275944303
105	0.931806316158
103	1.13013302978
111	1.1753010768
97	1.00317652142
107	0.878473808687
106	0.915279114416
107	0.820997567412
105	0.836239843131
100	0.935585630421
111	0.946784117214
104	0.882144087994
107	0.987135199565
107	1.09377980222
113	0.874443369206
103	0.973048632643
104	0.99724013159
93	1.09130049729
106	1.00416208158
112	1.50470528453
98	0.951487024666
108	0.981428309417
108	0.876887449076
106	1.14772063884
108	0.843954210111
105	1.08912641109
107	1.22340638457
101	1.17408238124
112	0.887797640329
114	0.893940403252
108	0.980355604429
105	1.05749050193
104	1.01170461496
113	1.03839985059
94	0.958610478155
109	1.20245882366
107	0.998122385724
99	1.03962576158
109	0.804330961637
107	1.34880739578
109	1.11126920123
106	1.53378197234
102	1.01313567968
115	0.914536085865
108	1.55454140453
109	1.07439088892
113	0.898886112111
106	0.998937509752
114	1.05674175388
105	0.956536837871
110	1.08053788114
95	0.907071707372
100	0.941209986554
110	1.13424760212
108	0.78708263487
108	1.16263148734
110	0.917765488476
107	1.50909119298
116	1.06375561049
103	1.15930586601
110	0.99551075765
109	0.969123371624
114	1.10769088431
107	1.13072906445
115	1.10080702699
111	1.04513089949
106	1.13237809596
111	1.1121116338
109	1.21723246297
96	1.0304972047
101	0.823070072183
117	0.805681711863
111	0.834218481199
108	1.75618417562
109	0.916395402762
111	1.012375579
104	0.936856531657
110	0.92657859259
116	1.24795301259
108	0.902804041838
115	1.08609749944
112	0.936177206211
112	0.980747490724
110	1.21774546454
118	1.12615155746
112	0.983862694742
97	0.976141219848
102	0.897779886563
107	1.20440275085
109	1.3320742324
112	0.794016551775
105	1.08530889815
110	1.06193577566
117	0.955708898303
109	0.937483872939
111	0.912821670783
113	0.937195036898
116	0.926618034788
111	0.875500242541
113	0.976160444559
119	0.990934321945
113	0.811653615066
110	1.42267038266
103	0.923503815653
98	0.963589990167
113	0.992161523368
108	1.31844089132
118	1.13441281967
106	1.06428997462
110	1.07441893983
111	0.857231119651
114	0.997546931826
112	1.11866112229
117	1.12285872342
112	1.02385486063
120	1.00436554971
114	1.27503736181
114	1.01743071649
111	1.08010622429
114	1.00544742985
104	0.847881875536
99	0.982463926308
109	0.791279781411
119	0.999493864827
111	0.954792041427
107	1.00660627295
115	1.22487984597
113	1.06219242596
112	1.02076008889
113	0.838224933487
121	1.00876674781
115	1.12096180554
118	1.05225975351
115	0.991268018426
112	0.916944476228
115	0.909136201113
105	0.820349924505
120	1.06583532314
100	1.05689221091
112	1.06134494091
110	1.16124827803
116	0.993236912631
108	1.10169034257
114	1.41611774826
122	0.899827057633
114	0.80873112664
113	0.83931905696
116	1.02327654945
116	1.00342729963
119	0.941974587111
113	0.882762607787
116	0.962144052796
121	0.833927521408
106	0.926925421737
113	1.15152015872
117	0.749160766623
101	0.779878360234
111	1.04545692828
109	0.991169653657
123	0.836290208044
115	1.04190444551
115	0.836571349874
117	1.02141067262
114	0.923258666421
117	0.794694796164
114	0.782643664435
120	1.25320914496
117	0.79855401939
122	0.923564420792
107	0.972003854001
114	1.08585560869
118	0.890183536848
102	0.833067842839
124	1.04839036395
116	0.875097721747
110	1.0095925956
112	1.1584227824
116	0.843708367011
118	1.02267046821
118	0.841239015059
115	1.00258349727
118	0.985027953613
115	1.17995348656
123	0.974680635055
121	0.97449570917
119	0.592785969007
115	0.897360692293
108	0.774100447734
125	0.972062499681
117	0.957394344822
103	0.965406657492
111	1.0921942221
119	0.952920487701
113	1.08520608107
117	0.839124667549
119	1.1594159597
124	1.12872045418
119	1.09066344166
116	1.0292841096
116	1.10639701555
122	1.12436001017
120	0.912206436075
116	0.865768313274
109	1.11983224416
126	0.978958217317
118	0.876405985145
120	0.997316969812
112	0.999738084352
104	0.992987172229
118	0.983491570595
120	0.97088976397
114	0.765414560979
125	1.15238094369
120	0.926075678981
117	1.22187314446
121	1.10158818488
117	1.18516714008
117	0.915560835143
123	1.08316341556
127	0.979448147121
110	1.05192346651
119	1.00977476394
121	1.09726969827
113	0.932853245423
121	0.964048500606
119	1.29950298873
105	0.932850036531
126	0.967462536766
121	0.982977795354
115	1.25119188251
118	1.56837948288
122	0.716442230018
118	1.06957571903
128	0.837563612392
124	1.11899066635
118	1.12622126813
111	1.34674524066
120	1.0326760175
122	0.89067731024
127	1.02990824777
122	0.982222310785
114	0.979367458105
122	1.04392884369
120	1.08691663054
106	0.97695701604
119	1.00908666073
123	1.19669905134
116	1.03779011817
119	1.11489682137
129	0.898728118929
121	1.07990296575
125	1.00096589666
119	0.873740566013
112	0.97393555557
123	1.11982846637
128	1.14606978785
123	0.947232954378
123	0.999376701588
115	0.910168874435
121	0.886475979233
120	1.03594235425
124	1.11472096018
107	0.938459118178
120	1.08497891666
130	0.976899208672
117	0.75318089715
122	1.00306266326
126	0.918582846141
124	0.964805417272
113	0.871593445754
120	0.900426652029
129	1.12570385504
124	0.798304347991
124	0.902417912868
116	0.945739486518
125	1.25935118082
122	1.04897933191
121	1.10407064492
121	0.93785760676
131	0.864058693726
108	0.858854522881
118	1.10739464764
123	1.09929148625
125	1.22459527618
127	1.10737247256
114	1.00169404138
130	1.14828426401
121	1.02497575525
125	1.0792071812
125	0.859456481614
126	1.06736084285
122	0.947026281506
117	1.19649026842
123	1.34945668899
132	1.0004160558
122	0.960077669636
109	0.989188819015
124	1.12897072917
119	1.06855661281
126	1.00998617733
131	1.42104232453
115	1.03966453188
128	0.9533507925
126	0.733333698012
126	1.11931841217
122	1.10940644978
127	1.24482453602
123	1.03220702812
133	1.08470815832
118	1.17152404913
124	1.12523346664
123	0.946140966937
125	1.04148227359
110	1.05816690717
127	0.81326718477
132	0.969692859763
120	1.09115271943
116	1.18561451024
127	0.99925858516
127	0.921170258046
129	1.20067675196
128	1.01818972066
123	1.02830369534
134	1.19770529705
124	1.09498797233
124	1.07573270892
119	0.886588246999
125	1.02464849432
126	0.980518891829
128	0.94409535452
133	1.0885537634
111	0.8958069703
121	1.06031257654
128	1.10087418773
128	0.920495430943
117	1.23170591112
129	1.14191502142
130	1.14506385705
135	1.35008645976
125	0.891003290064
125	0.974195439922
124	1.0289998158
120	1.03369157136
126	1.11424873988
127	1.21568241091
134	0.971726386009
129	1.1000912388
112	0.909682265849
129	0.891825558446
129	1.09691346858
130	0.954939848171
122	1.07912086499
118	0.823180218073
136	1.50374962978
131	1.05872509785
126	0.991541743414
126	0.960690151129
128	1.09013604213
121	0.935129778085
125	0.884243516256
127	0.918443291316
135	1.14043427999
130	0.8763772348
130	1.03232660418
130	0.922273473219
131	1.03690311785
113	0.831687596871
137	1.41483502293
119	1.11809171286
123	0.967658125364
132	0.953628974767
127	1.05536375237
127	1.05517878317
129	1.052772328
122	0.802710069465
128	1.02825763272
136	1.20159120431
126	1.11929359585
131	1.31610507283
131	1.07045592574
132	1.06983185898
131	0.955233468426
138	1.57773067407
114	0.840785307857
120	1.28414771521
128	1.04032856193
128	1.24802244151
124	1.00045683908
133	0.88462582599
130	1.04170427469
137	0.86615393228
123	1.03528723307
132	1.14873839811
129	0.828063526458
127	1.12482290209
133	1.08906516637
132	0.989498947104
132	0.945603657376
139	1.19886634205
115	1.18860537788
121	1.0550094537
129	1.06738937227
129	0.987542727675
131	0.71650554106
134	0.923039473075
125	0.874162997387
138	0.954902418348
133	1.08360236711
124	0.944454593205
130	0.771057842729
134	1.25889461434
133	0.946357134284
128	0.89886724644
133	0.889517410721
140	0.786973162319
130	1.01446747754
132	1.29146777991
122	0.928477849082
130	1.23288808299
116	1.17146586823
139	0.966817673758
135	0.856329607436
134	1.21335725779
126	0.728184015172
125	0.918422158312
131	0.908828041343
135	0.842962122041
134	0.905092572784
141	1.0005680176
134	0.966601343667
129	0.807573110734
131	1.16543390383
133	1.02931186017
131	0.742043729878
140	0.844246504333
123	1.16830520377
117	0.92153481631
135	0.997581868279
136	0.97066605618
127	0.972379444076
126	0.919186844097
136	1.13213596397
132	1.08832897111
135	0.859287133836
142	1.09659301937
135	1.02131116148
130	1.18296266774
132	1.03355123124
134	0.926050369127
141	1.1051603296
132	0.948526434609
124	1.32631052448
136	0.9546040704
118	1.04906482089
137	0.800565685162
137	0.766672390358
143	0.904373558343
136	1.16473223425
127	0.944448141926
133	0.996264966508
128	1.07231247138
136	0.989491966579
135	1.08454622365
133	0.922282703683
142	0.968374076545
131	1.10376153982
133	0.994117881673
137	0.788755824494
125	0.813945226518
138	0.976185347658
119	1.26827989578
144	1.04815975081
137	1.21799811665
138	1.02900489882
128	1.06348072863
134	0.752194688892
137	0.742051613648
129	1.00658464097
136	0.913875451969
134	0.93130731091
143	0.983621177808
134	0.77413977556
132	0.998848608956
138	0.968341100909
126	1.05913605982
139	1.0176289458
145	1.11484327919
138	1.20312169529
120	0.961144655392
138	0.878910106336
139	1.24216233754
129	1.16076049694
135	1.08950793704
130	1.22792524536
137	0.841865590449
144	1.01422591988
135	0.901163340652
135	1.09248726208
139	1.02455709386
133	1.05669265744
140	1.26278045983
127	0.881236420643
146	0.968378945295
139	1.03475206687
139	0.810663878609
121	0.977250766989
130	0.885580922031
136	0.995951130839
140	0.889323990243
138	0.919367235738
145	0.906558048684
136	1.02086938031
131	0.899110691502
136	0.858771029778
140	0.978940495257
141	1.28805420629
147	0.716936269641
128	1.16156616216
134	0.91982457068
140	1.00361230136
140	1.09129538124
131	0.981221673731
137	1.14395369842
122	1.07698702399
146	0.836267876989
139	1.00564483084
141	0.858318128524
137	0.931441472011
132	0.955996865819
137	0.976097455823
141	1.12448839631
142	1.11092631949
148	1.09115354193
141	1.03597158595
129	1.22081605964
141	1.0485763795
135	1.0830893676
147	0.857933607113
140	0.963832670561
132	0.884790975934
138	1.13322812842
138	1.20658344522
123	1.05578358902
142	0.88698034124
138	1.04557713923
142	0.990296038875
149	1.05646709625
143	0.893973091255
133	0.982666377961
142	1.2997612776
130	1.66305140923
142	0.882255516695
148	1.06406296335
136	1.22865285188
141	0.890042101297
139	0.966207852531
133	1.04426537683
139	1.10613171376
143	0.840918685095
124	1.04574895023
143	0.897730721437
139	0.791528063055
150	0.953617930567
144	0.828446838903
134	1.00964720196
143	0.908204354932
143	0.985067265789
131	1.32860421862
149	1.0025172024
142	0.777704987589
140	0.997603080633
137	1.09049964625
134	1.11501584566
140	0.931238972485
144	1.02611176287
144	1.38180613015
151	0.733043609497
145	1.20613907264
125	1.08744951837
140	1.0990367157
144	1.12942733626
135	0.968356121213
144	0.819976342997
150	0.937988020282
132	1.13984822166
143	0.941336814348
141	0.989954664248
135	1.00606659306
141	0.812095128316
138	0.972251948962
152	1.12028787773
145	1.07052894295
146	1.4724776376
141	1.16605963868
145	1.06270012802
126	0.944681690955
145	1.12061389437
145	1.03015262131
151	1.10886699081
136	1.07268179827
144	1.09875134676
133	1.0343744166
142	1.0223112555
153	0.650177640853
136	1.16895041605
147	1.02964384892
142	1.15132677171
146	1.21657510286
139	0.939720964214
142	0.904616306706
146	0.856219655978
146	0.86273249595
127	1.12014415782
152	1.26980897672
146	1.28541204672
145	0.948764364444
137	1.14261081764
134	1.2288190909
143	1.27839198691
154	0.815873058572
148	0.90765947549
147	0.921506131902
137	0.992359156964
143	1.06854742916
143	1.09998307914
140	1.07278550962
147	0.954178111997
147	0.863325689517
153	1.03852611696
128	0.892057607381
147	1.02654062529
146	1.11130843766
144	1.1586009291
135	0.985067076125
138	0.880974613806
155	0.865419499306
149	0.778128926109
148	1.07423723189
138	0.866967042088
144	0.974751964225
144	1.31048736463
148	0.907345380199
154	0.849920454276
141	1.2580373444
148	0.80855721997
148	1.20085009051
147	0.907879579713
129	1.15065769648
145	1.03092048939
156	1.07603701865
136	1.15048632917
150	1.32328864428
149	1.03421119801
139	1.05188164895
139	0.839495312862
145	0.873618173317
145	0.891818072517
149	0.712306564888
155	0.854280458069
149	1.0181523842
148	1.05376316586
149	0.831182192608
142	0.883511331139
130	1.02329374051
146	1.05749542454
157	1.09710678826
151	1.10635381957
150	0.921437315848
137	1.18954542647
140	1.24837357919
146	0.854199737492
140	0.777828981209
150	0.89863363957
156	0.907541267486
146	1.41354351656
150	1.00111596861
149	1.04906317859
150	0.910095432382
147	0.890459919996
143	1.00359462532
158	1.17341778623
131	0.967251464804
152	1.02538937848
151	0.970377744175
138	0.799910361879
147	1.04572596808
151	1.2533310443
157	0.929052474055
141	1.13434893261
141	1.10676169589
147	1.39860389307
150	0.978176861687
151	1.0435103831
159	0.958584131661
148	1.0882888365
151	1.29312985978
153	0.857739163143
144	0.973453717477
152	0.989406376031
132	1.06014109779
139	0.974139398933
158	0.783933602529
152	1.02600609184
148	1.26333712454
142	1.16749193576
148	0.718838220542
151	0.987119947317
142	0.968792875357
152	0.857392154247
160	1.07613833735
149	1.21022146585
154	0.877958939839
152	1.0724861937
153	0.974667300595
145	1.14857607468
133	1.06703454208
159	0.78867375137
140	0.796788240435
153	0.962450478017
149	1.0343148973
143	0.997383289359
152	1.17550388111
149	1.06605648124
153	1.01393246011
161	1.13677671724
143	0.963840476153
150	1.16346434102
155	0.781584521106
154	0.892490436842
153	1.14283324141
160	0.83272680482
146	1.00740140533
154	1.17472281295
134	1.03789333541
141	1.28886708119
150	0.997150147641
153	1.02641511444
144	0.936704128599
154	0.897295860734
150	1.06020284071
162	1.05735391501
151	0.858094020053
156	1.0797660061
144	0.987687647185
155	0.8635263364
154	1.11173094448
161	0.82202237394
155	1.14882814051
151	0.810257537359
147	0.776467766788
142	1.29301245978
135	0.912441151025
154	0.913580500897
155	0.932872090068
145	1.05868307244
163	1.02625267918
151	0.975463321289
152	1.00604846872
157	1.52046363705
156	1.03471265712
145	0.908343175476
162	1.18820784662
156	0.953546578081
155	1.05272081875
152	0.88062354694
155	1.00383721659
143	1.00878648358
148	0.947892652718
156	0.96872791462
136	0.810989852761
164	0.867173541362
146	0.912854192183
152	1.24548463488
158	1.19851387435
153	1.07052511343
157	1.00121014228
163	1.15631624896
157	0.911689125279
146	1.08012665001
156	1.14381971473
153	0.851763216558
156	0.82228605826
144	0.876116360598
165	1.19722847313
157	1.15436451638
149	0.916625467578
137	0.86564624582
159	1.11140065874
147	0.954150611707
154	0.942912023746
153	0.852991533261
158	1.13886286196
164	1.16290868809
158	1.07024044585
147	1.42703303916
157	1.065099995
154	0.799683105927
157	1.0988399221
166	0.885546747859
158	0.889386935499
145	0.685645995439
160	1.12252287156
155	1.10195799336
150	1.01112106797
148	1.14034634656
138	1.01861451388
154	0.91531888868
159	0.930704466395
165	0.886323460757
159	0.92200050969
158	1.01044929201
155	0.984052909682
167	0.96490793084
148	0.936849351201
159	0.932190814917
158	0.77893287358
146	0.840807658055
161	0.794145213289
156	0.872826727595
149	1.12881677837
151	0.953227754119
155	0.913053584472
160	1.00881670107
166	1.26611439763
139	1.19683302042
160	0.978099397304
159	0.933712583893
168	1.08186108827
156	0.947344451999
160	1.17314475311
162	0.907822353769
149	0.832669439201
159	1.08091853044
147	1.02373047302
157	0.985201465658
167	1.11839541433
161	0.852778315385
150	1.22220519464
156	1.04453504822
152	1.08667380652
140	0.907071850404
161	0.929031507471
160	1.03924325851
169	0.917068158602
157	0.917681597348
161	0.878342482131
163	0.862369559495
158	1.20616779971
150	1.05172882854
148	1.05831346705
160	1.1462776411
168	1.08273150603
162	1.02774011888
151	1.12878315346
157	1.13879025525
162	1.000288196
153	1.00365061462
141	0.785602136929
161	1.01931786133
170	1.18329235841
158	1.00640494645
162	0.794002344589
164	0.882229805431
159	0.923095752451
169	1.02314636598
149	0.861361638745
163	1.05244745364
151	0.937955047206
161	0.979788329856
152	1.22025394286
163	1.10484515013
158	1.08681684566
154	0.92721093179
162	0.903397803244
171	0.959691031412
142	0.895383844114
163	0.959918575871
159	0.911810788498
165	1.09919379975
160	1.02201524881
170	0.911933549711
164	0.876156522251
150	1.09039576011
162	1.02489700055
164	1.12421539081
152	0.88375621551
153	1.12507321288
159	0.901324350324
172	1.0216103422
163	0.645852300652
155	0.94048070831
164	0.845943822852
143	0.893948427103
166	0.964611508094
160	0.877175315908
171	1.02032948441
161	0.870934369765
165	1.05453064045
151	1.21097672941
165	1.04752466598
154	1.16432617415
163	1.20925111142
173	1.14522641792
153	0.961704210427
164	0.705212800188
160	0.857682032545
165	0.751772094915
167	0.937670995189
156	0.961267162448
161	1.01386917283
144	1.16451712021
172	1.15389269051
162	0.935841983069
166	1.21648949997
166	1.17688146312
152	1.22119584794
174	0.97426202306
165	0.955354531134
155	1.03396618224
161	0.82914923399
164	0.971105207933
154	0.927610124163
168	1.09954913876
166	0.958532235156
162	0.932651484018
173	0.930308568419
157	1.22738649504
163	0.932694552514
145	0.969594588812
167	0.954585335561
167	0.865922480947
175	0.785933858631
166	1.01705563686
153	1.28881669768
156	0.969702688526
162	1.10761242644
165	0.885439778358
169	1.51898640418
167	0.913225241388
155	0.765488678753
174	0.780250007372
163	0.890032969556
164	1.01187629653
158	1.08584045108
168	0.743608298763
146	1.07487203794
168	0.927500950056
176	1.23760367985
167	0.835804906038
154	0.944754336714
157	0.870676652032
170	0.672034517699
163	1.16005070101
168	1.14055180357
175	0.889316900127
166	1.07336345757
164	0.909627494287
156	1.09231194442
165	1.02709907097
169	0.957568441875
159	1.0584131296
169	0.931945014745
177	1.0159872557
147	0.968123361275
168	1.06507600975
171	0.830734678006
155	0.977077937184
158	1.07986861857
169	1.23573967379
164	0.982532362719
176	0.841572881538
165	1.23016957203
167	1.1129951145
166	0.96387633427
157	1.17415345166
170	1.04332381786
170	0.874660937752
178	1.33415410777
160	0.832188931479
169	0.906848519779
148	1.05095552423
172	1.18304198351
177	1.29572151717
156	0.657891147603
170	1.15356941569
159	0.856586658306
165	1.14731655642
166	0.971484479305
167	0.816530808938
171	0.755039308585
168	1.01184402758
171	0.876256366646
158	1.03493710594
179	0.838250858893
170	1.01453136171
161	1.31126684843
173	1.3108087849
149	0.938276607314
178	0.989925697887
171	0.908423877134
160	0.800048557953
157	0.719030332719
166	0.975460059868
167	0.882630304968
168	0.970407624718
172	0.970050125582
172	0.938497448457
180	1.09902104273
169	0.925161900628
171	1.13419672325
159	1.07093257504
162	0.809235151011
174	0.995586094769
179	0.97067607745
172	0.913468805198
150	1.15021309561
161	0.953792420493
158	0.70280263036
167	0.871506027752
169	0.880385243659
168	0.875399959878
173	1.31474550297
173	1.06540256254
181	0.831712329828
172	1.19369978983
170	0.946752869414
160	1.24772959755
175	0.934670892923
180	0.889478983941
163	0.899341664797
173	0.955981094522
170	0.930012198153
162	1.05149404507
151	1.03065865384
169	1.14443459852
159	0.849507801194
168	1.05653946942
174	1.27670760508
182	0.946903226165
174	0.837709064945
173	1.15662840644
171	1.03155146827
176	0.801115025306
181	1.26464188178
161	0.931616940962
174	0.928369926342
164	1.10984204551
171	1.01271671857
170	0.963343049591
175	1.14356086975
163	1.16082859591
183	0.86857215282
160	0.924971663921
169	1.11034020168
175	1.0041794777
152	0.965318431001
174	0.952358957444
177	0.919141687856
182	1.15808131091
172	0.805512052604
175	1.03938989828
162	1.07508202129
165	0.94275782196
172	0.987226276116
176	1.06312891104
171	0.939915926348
184	0.999066082108
176	1.0354889434
164	0.98518218484
170	1.02983912343
161	0.973024166547
153	1.06022938356
175	1.0038092204
178	1.156995384
183	0.966064303258
173	1.04931007314
176	0.98916941267
163	1.48280797985
173	0.872440666548
185	0.745313151361
177	1.08611697455
172	1.03926601123
166	0.826708047742
177	0.953804637582
165	1.00637506071
171	1.18346163503
162	1.17954410714
176	0.961497539532
154	0.847040574051
179	1.04280121588
184	1.0047262217
177	0.980682606095
174	0.930210081108
174	0.804858746337
186	0.930040733907
178	0.83417806489
178	0.940658856545
173	1.03812821308
164	1.54050455348
167	1.06349827516
166	1.09076809605
177	0.943185863624
172	0.779208687174
163	1.03176241196
180	0.931476745487
185	1.06565777434
155	1.01527138758
178	1.0920819251
187	0.873290067691
175	0.926988255643
175	0.892914361112
179	1.22161888326
179	0.861058616296
174	0.908960331883
178	1.16803645611
165	1.10962139086
167	1.18870985197
168	0.988226413748
173	0.903306085476
181	0.906170236913
186	0.881377502365
164	1.1378272006
179	0.912813732925
156	1.22690273443
188	0.891993860866
176	0.941827822134
180	1.12959375214
180	0.928582782475
176	0.743122932293
175	0.872252681663
179	0.877091762591
182	1.25129996755
187	0.727604934491
168	1.20060712282
166	1.17141116375
174	1.12049249088
169	0.885413795488
165	1.03054615129
180	0.936876788817
189	0.761240193941
157	1.06859583482
177	0.687819600023
181	0.701804841264
181	0.895702688944
176	0.8353066775
180	0.961497190162
177	1.17702975494
188	0.738822929433
183	0.884047907421
169	0.744319863863
175	0.996275461407
167	1.39561524044
170	0.819957480845
166	0.774754589882
181	1.05115814774
190	1.22714113671
178	1.11041189588
182	0.95249050038
182	1.06516063401
158	0.965834028556
181	1.22105329571
177	0.779759605627
189	1.06390289019
184	0.942370302122
178	0.863988725203
170	0.982110557101
176	1.02608388659
168	1.06457160621
167	0.920224740615
171	0.844097893333
182	0.935641052326
191	0.830862149812
179	0.837996143685
183	0.930894101759
183	0.707073708123
182	1.30770424608
178	1.03151875069
190	0.94323898529
159	0.891877982592
185	0.932038302926
179	1.09264793613
171	0.861932685031
177	0.979806285696
183	0.73161081855
192	0.967998466971
168	1.04474182723
169	0.935422006648
172	0.845803740659
184	1.15093549148
180	1.1176704982
184	1.01920469791
183	0.802042557388
191	0.886033733066
179	1.02803672466
186	0.836558138823
160	0.885719613339
180	1.17189530179
172	1.05763963252
178	0.991660088398
193	0.883033318161
184	0.949910921862
169	1.02688455787
185	0.912625890277
181	0.910318744569
185	0.913973520947
170	1.10367126908
173	0.914127970113
184	0.867439735019
192	0.943593462448
187	1.00374757318
180	0.929017890726
161	1.08828738618
194	0.836666897423
173	1.23481359965
185	1.22407394111
181	0.861240266444
179	1.1642019608
186	1.25128402595
182	0.863554688604
170	1.31145093888
186	0.799026644154
185	1.12985610723
174	0.935125922967
171	1.15043924194
193	0.986921107087
188	0.886408616991
181	0.808748992747
195	0.895194503044
186	0.9541597457
174	1.17511592164
162	1.19476187699
180	1.00007078976
182	1.07319756679
187	0.988832064784
187	1.03561603121
183	1.09614284623
171	0.739991687691
186	0.84529266115
194	0.80619383957
189	1.1363554893
175	0.907189139907
172	0.885662801102
182	0.887294568414
196	0.871586613622
187	0.944984341881
175	1.01654843474
188	0.998409499758
181	0.930679753507
184	0.953630968427
163	1.17978339988
188	0.838089203209
183	1.10355783184
195	0.941052949656
187	1.5188485269
172	0.978475697564
190	1.10105306996
183	0.839701238478
176	0.855920578076
173	0.976856741582
197	0.657625833294
188	0.997062274357
189	1.06174143655
176	0.915139514809
185	0.911954201495
189	0.904578887191
182	1.11750732792
196	0.899931066545
188	0.974203203306
191	1.23673845487
164	0.909208787069
184	1.04415500903
173	0.537859095207
184	0.921202941054
177	1.05102414865
198	0.832725724816
174	0.926355714042
189	1.17584995775
190	1.04026956939
190	0.870110662537
186	1.15284323421
197	0.876433921493
177	0.957850261722
183	1.03806212445
189	0.766950531143
192	0.951860511162
185	0.888012040423
174	0.884338111156
165	0.842543159401
185	1.18964178564
199	0.929166735052
178	0.966506754811
175	1.19122934429
190	1.17672505333
191	0.968464254585
191	0.829831628958
198	0.981716758823
187	1.07388805593
190	1.0571734303
178	0.986424242596
193	0.899392398361
184	1.10208567588
175	1.72759894557
186	1.25498355573
186	1.0315365596
200	1.1588795837
166	0.991632966687
191	0.946833475092
179	0.979424917846
192	1.27934222471
176	1.03558596774
199	0.955910947565
192	0.905242262849
188	1.02042208651
191	0.580503966282
194	0.846284742417
179	0.992365400748
185	1.16042235014
187	1.2236093722
201	1.39561908638
176	0.807524196378
187	1.23676295624
167	0.929776878737
192	1.01771248239
193	1.04870601067
200	0.881305974732
180	1.01476111884
193	0.986054532174
189	0.787207039543
177	0.799101342504
192	1.69637155991
195	0.899341916616
180	0.89164094715
186	0.833702395244
202	1.05313083465
188	0.967905013466
177	1.04697995414
188	1.04475461952
193	1.09924417254
168	0.908416861201
194	0.966028311495
201	0.89600415959
194	0.946422663754
190	0.866681374665
196	1.10726163545
193	1.00811030351
181	0.931699323643
178	0.918186560727
181	0.896234216549
187	0.869888099056
203	1.01912678687
189	0.94242183133
178	1.0125544115
189	0.732796925013
194	1.00880670929
195	1.15081149857
202	1.04894910652
195	1.2273720066
169	0.972649176954
191	1.02358325834
197	0.914608437749
194	0.687774721219
182	0.955309578956
179	0.925742820215
204	0.627575434377
182	0.915399311798
188	1.30422091332
190	0.87628733171
179	1.15631935946
195	0.930822792422
203	1.04565874196
196	1.09652105742
190	0.919332787088
196	0.990039330632
198	0.784559068859
192	0.897595434407
195	0.819372868294
170	0.955947581102
205	0.842569772928
183	0.905049536903
183	0.963238389155
180	1.00379072684
189	1.07790312382
191	0.760281045001
204	0.75132699188
196	0.791437874505
197	0.893340380513
180	0.910455444252
199	0.901837684185
197	1.03108819457
196	1.01608629249
193	0.893956366638
191	1.11026826683
171	0.951412514221
206	1.26967192488
184	1.14444771546
184	0.786297893449
190	0.926282218236
192	1.21136469413
181	0.974925322548
205	0.930701741755
198	0.87450059284
197	0.83358372732
200	1.05748130341
181	1.01164555466
198	0.888358363395
197	0.827556843759
194	1.14574985688
192	0.806237721782
207	1.19272923457
172	1.0076989768
185	0.893146233293
193	1.14815347579
185	1.02496394456
191	0.976635888619
206	1.06957872872
182	1.02245260076
199	0.915309448664
198	0.877886457628
201	1.16050303338
199	0.987205555485
198	1.07132181683
195	0.874748941448
182	0.862150903125
193	1.1926441814
208	1.30266355103
173	0.937517354866
194	1.15544410812
186	0.942942919466
207	1.28692393596
192	1.0677975145
200	0.967137625926
186	1.1346757217
199	0.8797309266
202	1.19670221612
183	0.879691077627
199	0.894180164272
200	0.94839639565
196	0.834677247564
183	0.848753783882
209	0.909010369986
194	1.19914812041
208	0.975741196864
195	1.18712056298
201	1.01442562406
187	0.827914585498
174	0.90821004376
193	0.881126355237
200	0.977801408135
203	0.744550066369
187	0.999059981739
200	0.831560280977
201	0.917491999605
197	0.783505881351
184	1.05560761806
210	0.897363125531
184	1.13370232392
195	1.61236455747
209	0.986348896852
196	0.909471974878
202	1.377487845
188	0.833448553429
201	0.968951019846
204	0.989210694149
194	0.962638051664
175	0.85335411463
201	1.03440781136
202	1.26233917808
198	0.901779489143
188	1.10259484329
211	0.712704074035
185	0.842891470689
185	0.940767635159
196	1.22536706531
210	0.96017753646
203	1.01191014641
197	1.1352567006
205	1.5264202333
202	0.858779917672
189	0.948829143186
202	1.06647713398
203	0.889665979184
195	1.02473846733
199	1.03921856353
176	1.02370405447
212	1.10895331191
189	1.0950604648
186	0.872471390866
186	0.985973854002
211	0.900894647114
197	0.944142485581
204	1.1333897172
198	0.900279208047
206	1.20614151388
203	0.810639283955
203	1.64571986261
204	0.937855357779
190	1.10461822654
200	1.01143531745
196	0.807376146129
213	1.57202401398
177	0.837293069443
190	1.05693425711
187	1.37693818109
187	0.938165921573
212	0.936971201559
205	1.81689110468
207	0.929314342802
198	1.06092114142
199	0.870583135453
204	0.977949791389
204	1.10346654536
205	0.947368233761
201	0.861866310026
191	1.14715452258
214	1.0579696916
197	0.952223457334
178	0.87741901866
213	1.12302718722
191	0.978330108266
188	1.55892516162
188	1.07249225441
206	1.51153153453
208	1.30802215659
200	1.12629322769
205	0.88297043269
205	1.16922985712
199	0.986790017261
206	1.07163170241
215	0.714957129843
202	0.949243501085
192	0.976530394174
198	0.843135989393
214	0.804808827558
179	0.930699741426
192	0.901998955741
189	1.16397488312
207	0.97660039318
209	1.0018750506
189	0.760457229532
206	1.01782159694
201	1.72190854001
206	0.785704580843
207	0.796367777431
216	0.957092068254
200	0.850209133276
203	1.03363599878
193	0.828689774492
199	0.768706352899
215	0.921766375193
180	1.18090106558
208	0.971827273888
210	0.933563847728
190	0.967313923086
193	0.929180811115
207	0.966176980519
207	0.86962811175
202	1.04576725924
208	0.723605247205
217	0.968344930348
190	0.896340301447
204	0.864125651705
201	1.02114247083
194	1.0284153105
200	1.08016211828
216	0.953513539857
209	0.893190112569
211	0.873890196454
181	0.929572591494
191	0.934697826165
208	0.994639568588
208	0.953990599813
194	0.884521687353
218	0.561375002614
203	0.759735721336
209	0.963097341114
205	1.03868555882
191	1.2008177526
202	1.09534622866
195	0.902364643785
217	1.05947123396
201	1.17124410299
210	1.06997420567
212	0.992812619344
209	1.05881638414
209	1.11347412595
192	0.987208134195
219	0.837579331861
182	1.13358596191
210	1.2434564129
204	0.817975201724
195	1.03726518876
206	1.17213530309
192	0.888475586611
218	1.05399268654
203	1.31313121731
196	1.20868749499
202	1.02840547542
211	1.13607651908
213	1.00941942551
210	0.766760661322
210	1.00979507003
220	0.725853318855
211	0.994088167157
193	1.001395852
205	0.648322607331
183	0.957156219636
207	0.827979510178
196	1.04854704632
219	1.08596389584
204	1.17168099925
193	1.0176191988
197	0.946482961191
203	0.937448320929
214	0.871291063591
212	0.881501221828
211	1.07584846939
221	1.14516124941
211	0.906697563685
212	0.965306832772
206	0.856246431556
208	0.89389902474
194	1.13644128523
184	0.962702061256
220	0.933176741753
197	1.13740863773
205	1.01628487329
215	0.863993804243
198	0.771893456568
213	0.982711875699
194	1.14821856404
204	0.975878762185
222	1.41445479579
212	0.941253517937
212	0.831062966072
213	0.875442035869
207	1.06700328117
209	1.06442675356
195	0.827720270684
221	1.03699619107
185	0.936908894688
198	1.07169566881
216	1.14240574801
214	1.46841855609
206	0.880734241481
199	0.902670069642
205	1.25956210504
223	0.877595080031
195	1.10856554593
213	1.20544701301
213	0.91526608652
214	0.92225678304
208	1.31145570996
210	0.814590253115
222	1.15845071136
196	0.823868924413
186	0.908667840253
217	1.1408265508
215	1.32544586657
199	0.991357937405
224	1.20849981962
214	0.885786459638
200	0.973492025766
207	0.885510965632
206	1.07161513961
214	0.744989947849
196	1.05613687662
215	1.10529222454
211	1.09369300964
209	0.950954313679
223	1.34405698274
197	2.0976319307
218	0.798284148311
216	1.27536842377
187	0.825825333725
225	0.558782631257
200	1.11996894503
215	1.08566075329
201	1.047776451
215	0.948873849479
208	1.19887472249
207	0.895639677826
216	1.00542929193
197	0.801745410986
212	0.881006886369
210	1.07217513483
224	0.972037257401
198	1.4236543856
219	1.0132354994
217	0.963118651507
226	1.12150139415
216	1.15703932282
188	1.06140784398
216	0.917444839134
201	1.0479691655
217	1.13872647167
202	0.962614176179
208	1.06606778093
209	1.00921212776
213	1.09248698948
225	1.19376250111
198	1.0560864802
211	0.759928030717
199	0.645146271653
220	1.07551145129
218	1.046130082
227	0.750840470706
217	1.39437494069
217	0.829953933948
189	0.807487231612
218	0.915682598657
202	1.168552843
226	1.0740159726
203	1.18111810225
209	1.09117867893
214	0.797355839485
210	0.79603875535
212	0.971436941849
199	1.01610676194
200	1.37174133251
221	0.747800930208
219	1.01857169158
228	0.906752567981
218	1.0056145018
218	0.903167479181
219	0.960083138215
204	0.969127066942
227	0.939096509458
190	1.05700290207
210	0.785308528265
203	0.878667653053
213	0.801399417458
211	0.832307654341
200	0.934363661014
215	0.951302014079
220	0.683348642013
229	0.832650998043
201	1.02937934096
222	1.03134714126
219	1.0123428076
219	0.867518440175
205	1.10409948499
220	1.08440422499
228	0.872356304726
214	0.674516800949
191	0.844197283167
211	0.872746036362
204	1.0232923541
212	1.12679928055
221	1.02389621822
230	0.609893783875
201	0.954752142436
202	1.23179402899
220	1.61903768831
223	1.12407319329
206	0.968005185994
216	0.840277718017
220	0.837004359778
229	1.01482288857
221	0.786682229198
215	0.935307624788
212	0.857768763995
192	1.17395136222
213	0.952124953353
222	1.18550519281
231	1.24136109281
205	0.808195471681
221	1.00350681899
202	1.07462687714
207	0.970504287836
203	1.08631043297
230	0.961978470278
224	1.02390833492
221	1.04699377073
222	0.882539610455
217	1.04591011052
216	1.08415737661
213	0.519477104713
232	1.44452391989
223	0.677760257165
193	1.02942205542
214	0.925978530218
222	0.549490014616
206	1.02208633725
208	1.01241128633
203	1.20724760196
204	0.989659108545
231	1.39635138911
225	0.701309490794
222	0.937305448729
223	0.850166012077
218	1.16782583858
217	0.713487021998
233	0.852738961689
224	0.820647429394
214	1.0583942998
223	1.77797229652
194	1.11575184437
215	1.01621292609
209	1.1497236167
207	0.900765171545
232	1.02222248949
226	0.594152209903
204	1.23606646091
223	1.01414399381
205	1.17994757255
224	0.78880088004
218	1.11396411039
234	1.23594593588
225	0.953173089417
219	0.781510878632
215	1.07404001189
224	1.43397954967
233	0.925690795394
210	1.09723497448
216	0.940758761992
195	0.762126306061
227	0.974041993627
224	1.03913549036
225	1.03361682414
208	1.09657440187
206	0.658963902365
205	0.873579695718
235	0.964685400644
219	1.32904114194
226	0.766889402567
220	0.996157952015
225	1.25497846133
216	1.03356482129
234	0.945507665844
211	0.999543547372
228	0.955058003964
217	1.06560216231
225	0.908911884578
226	0.88097540064
196	0.938614614492
207	1.1985292501
209	1.03407477892
206	1.11221858906
236	0.630464677863
220	0.99684322201
227	0.800248949282
226	0.933038013843
235	1.14204159922
221	0.953307323231
217	1.09072176838
229	0.781841356667
212	0.792764927027
226	0.929488571989
227	0.790357575421
218	1.09160723111
208	1.29282122117
197	1.06571660177
210	0.876749096499
207	1.19430356845
237	0.840418466506
228	0.781421680783
221	1.22923933295
227	1.30912401234
236	1.08589481323
222	0.955320391953
230	0.825866438307
218	1.09596257649
213	1.02052948881
227	1.01121985308
228	0.884805586125
219	1.04183153786
209	1.34809572684
238	0.967073000045
198	0.919033866716
208	1.10146150537
211	1.02438033635
229	1.20528040667
222	0.954981972152
228	0.631133462425
237	1.11038898069
231	0.988975540762
228	1.11902726918
223	0.8826870184
214	0.993170119132
229	1.58663127221
219	0.822680479178
239	0.799823999161
220	0.732662817455
210	0.985490509049
230	1.06483615666
199	0.909718410358
209	0.959519124478
212	1.1149794137
223	1.01470387114
229	1.06472360798
238	1.03463124169
232	0.970203623493
229	1.08329805043
230	0.932474074542
215	0.823113439535
224	0.876480419234
220	0.716170280645
240	1.13601443068
221	1.07532904586
211	1.10341251234
231	1.0682322985
230	1.16805579337
210	0.872694380842
224	1.47975808933
239	1.00727407021
200	0.794045107066
213	0.871591281287
233	0.666358575721
230	0.986803669145
231	1.1329436543
216	0.914911048296
225	0.944324695838
241	0.901168100886
221	1.12980151221
212	0.796896614499
232	0.82994067399
222	0.75324025325
231	0.971709009719
240	0.965220006214
225	1.1066299616
211	1.0864044418
201	0.964811526466
234	0.801733601135
214	1.04580947877
231	0.77853477183
232	1.08295899547
217	1.01709981797
242	0.596365282429
226	0.716959308972
222	0.996625937712
233	0.906763078106
213	1.18621232475
232	1.62182399419
241	0.999956646921
223	0.679007965372
226	1.03847122907
212	0.848783195984
235	0.840929667123
202	0.859766830309
232	0.996511774285
233	0.793908134535
215	0.822579484822
218	0.975968057081
243	0.992328543498
223	1.14370007212
227	0.794144010768
234	0.811737089482
242	0.928003386545
233	1.27366798889
214	1.06152834157
224	0.904996194424
227	0.807459685244
236	0.92238070528
213	1.23375116723
233	0.965808114745
234	0.93396139339
244	0.834193059024
203	0.886480446805
219	0.902104274772
216	0.938024673566
243	0.916934207837
235	0.784387413039
224	1.19758710922
228	0.786203700866
234	0.707657165275
215	0.643762776197
228	1.15216450089
237	1.36181785904
225	0.969841442645
235	0.693290018486
234	0.800870472349
214	0.719636514533
245	1.21830199214
220	1.18135341387
204	1.12508554473
217	1.11147739202
244	1.10839580501
236	1.0792867253
235	0.814418619249
225	0.79864962218
229	0.901287602015
216	1.27147009877
229	0.87467578541
238	1.5241770194
235	1.20576463211
226	1.23565730494
236	1.25589623623
246	1.89763504207
215	1.39242810067
221	1.04478624888
205	1.0559304224
245	1.13165097256
218	0.957926901311
236	1.06905661678
237	1.13020335542
226	0.857013899401
230	1.01079212179
239	1.23218236005
217	1.22429040052
230	0.831847659061
236	0.972084935697
247	2.21724501138
227	1.01662078177
237	0.97601689952
222	0.868217643009
216	1.11078443263
246	0.660089843443
237	0.711340684082
238	0.955829689279
206	1.04022891541
219	0.858365831643
227	1.11094603984
240	1.048394806
231	0.796348202809
231	1.26212004272
218	1.01709077011
248	1.31516029853
237	1.16526950308
228	1.10430146454
238	0.906901527959
223	1.05685550367
247	1.32953585264
217	1.08901129388
238	1.09505305722
239	1.16808183361
207	0.97830519832
220	1.08293522857
241	1.17955086768
228	1.07545777315
232	0.969231453268
249	1.22030488347
219	0.980749724911
232	0.983660530445
238	0.800023723615
224	0.898494998089
248	0.771081519023
229	0.946040993913
239	1.57931974494
239	0.756027235951
240	1.02399161233
218	1.06915618337
242	1.24041556595
221	0.895573239728
208	1.17832078843
250	0.446724553463
229	0.916084952073
233	1.07320508822
239	0.836838930067
220	0.742017826173
233	1.05297083116
249	0.902937569576
225	0.938855549266
240	1.15077491093
240	1.06766177381
230	1.02578031492
241	0.94450761328
219	1.11838936762
243	0.844486480179
251	0.833626975638
222	0.991505751734
209	0.888744513737
234	1.38521439326
230	1.25305143468
240	1.0669797478
234	1.04740913035
250	0.971101718523
221	1.22216776826
226	1.03461116663
241	0.499823826428
241	1.20782133036
231	0.982310193822
242	0.661609005889
244	1.00621506023
252	1.00931070592
235	1.10923821243
241	1.03456474226
220	0.961927674427
223	0.888776307915
210	1.01280877222
231	1.24170866996
251	1.03410727324
235	1.2747145799
242	1.01754032685
242	1.36562647116
227	0.894863139502
222	1.29810399987
245	1.13414556285
232	1.48402527826
243	0.819363110482
253	1.38566820713
242	0.969186818203
236	0.863579217096
252	0.72917459952
232	1.22978395156
224	1.20557051146
211	1.10664390257
221	0.862272000267
243	1.52466970383
243	1.78943326202
236	0.716342646853
228	1.11109059054
223	0.986391206325
246	1.46008484635
254	2.00430985374
244	0.886369158565
233	1.05497094319
243	0.950732340679
237	1.05934396965
253	0.932242730644
233	0.965990434359
225	1.0537887034
244	0.856141348129
212	1.28244356626
244	1.03778144567
229	1.19001393541
237	0.897481341778
222	0.905681062567
247	0.854117597243
255	1.41137878773
224	0.564493931847
245	0.699408405651
234	0.919616364841
244	1.24099519047
254	0.213795065464
238	0.64976240518
245	1.16364433991
234	0.765667774802
245	1.01558840753
230	1.06730381379
226	0.797958664003
213	1.48084597209
238	0.852561777703
248	1.06593070073
255	0.487379589712
223	0.785651069223
246	0.958292152615
246	1.07541391095
245	0.781767141908
225	0.951966323271
235	1.19901364078
239	0.765470249865
235	0.970759343122
231	0.941096822677
246	1.23202376355
227	0.736957188242
214	0.932627433437
249	1.64792178331
239	0.620581392079
247	1.90753676145
236	0.956406636522
247	1.76564966149
224	1.097919781
246	0.735349626866
232	0.941622591644
226	1.21074924762
240	1.65784282051
236	0.838927048015
247	0.881893853877
228	1.07322628078
248	1.06636541086
250	2.45329724325
215	1.17931498218
240	0.974963168771
237	1.24192131588
233	1.2548248108
248	1.25398885513
247	0.920658853104
225	0.86534536877
227	0.540469293189
241	1.09593667589
248	0.953399468165
249	0.652641884976
237	1.31037315155
229	0.849604256097
251	1.48861670704
238	1.5131426172
234	1.06589550321
216	0.844673861318
249	2.71093076053
241	1.04547842433
250	2.46454921548
248	1.16586334249
242	1.21033615237
228	0.471488007388
249	1.57739069269
226	0.986681308047
230	0.918430344279
238	1.17289199142
252	1.14269569555
239	1.78512313983
235	1.1682750372
251	1.17148750127
250	0.678964094144
217	0.986892159635
242	0.862315106133
249	0.953075275002
250	2.33553573934
243	0.998878100561
229	0.994958011249
253	1.41716817556
240	1.83370369468
236	1.15469830235
227	1.21500128587
239	2.22010952432
231	0.964564617477
252	0.870303370162
251	1.10761961708
251	0.928503099975
250	0.930169359396
218	1.11018923255
254	1.48076882831
243	0.86493633408
244	0.795911906125
237	0.844619848766
241	1.25105991461
253	0.33386029246
230	0.812813182408
228	0.776061413252
240	2.37687303017
232	1.24036298381
252	1.16696877511
252	0.835667659868
251	1.47720693712
255	0.472603004982
245	0.949226074689
238	0.832265408104
219	1.10701192181
242	1.41476731372
254	1.14219758448
244	1.09461152222
231	1.06227587614
229	0.9320304242
253	0.486727595414
241	1.76269238057
253	1.20849940274
233	0.952810684767
252	1.31575856586
243	0.7801744785
255	0.338797847718
246	1.09245333902
239	0.894502350652
232	2.36153532919
220	0.90087056977
230	1.0248877289
245	0.842857778877
254	1.20944445226
254	0.941055009339
242	1.35541035082
253	1.29131285673
234	0.882584477693
244	0.937965415696
240	1.05614550818
247	0.425975344992
233	1.21966686303
231	0.794203075005
255	0.290058716985
255	0.847095584266
221	0.660009262621
246	1.15687314016
243	1.47376122579
254	0.769929055478
235	0.854995117807
245	0.957867813792
241	1.06605311503
248	1.05138989664
234	0.638953004081
232	0.712084292455
247	0.640744997622
222	0.827853268692
255	0.178539234557
244	0.726468100604
236	0.866186479096
249	0.731121768956
242	0.8823296483
235	0.813203796943
246	0.942541344844
233	0.72829616283
248	0.891453487556
223	1.42244676488
245	1.08748307997
237	0.776801195511
250	1.38290360303
236	0.949178985827
243	0.921784363776
234	0.6686064466
247	0.985710353684
249	0.908111661641
224	1.09972319338
246	0.88472621289
238	0.788601969937
251	0.997977257097
237	0.715674901225
244	0.913911051302
235	0.843216650197
248	1.38208125502
250	1.04346369728
225	0.91487191535
247	0.496321982337
252	0.960613156574
239	0.775965284104
238	0.866154067108
245	1.13305561647
236	1.54875357692
251	1.91260393898
226	1.0880003551
249	0.588744582017
248	1.22831000358
253	1.31008433539
240	0.859327924747
239	1.46228113172
237	2.27369703603
246	0.776255311755
252	1.85779277598
227	1.12302875613
254	1.04713294241
249	1.16078600771
250	0.763497512547
241	0.892222561209
240	0.521570455691
238	2.49087511113
247	1.03196694165
253	0.825042804102
228	1.19308912311
255	1.05921792813
250	0.920718850335
242	1.37319595635
251	0.935141627083
241	0.797571886462
239	0.600837177334
254	0.374925371841
248	1.05385546582
229	1.0258213937
251	0.819115562433
243	1.06657313025
242	0.538114506604
252	0.829722408267
240	1.11034976961
230	1.31020796412
255	0.197941659486
244	1.21576423836
252	0.565568251127
249	1.04343151389
243	1.95697595332
241	1.32202879885
253	1.2467676401
231	1.10004027243
245	1.01448795206
253	1.02648405999
244	2.28035067565
250	1.22109020361
242	0.436976490891
232	0.907357188536
254	2.02646820889
246	0.980703677375
254	1.41321045781
245	2.08552907204
243	0.878146692503
251	1.02605551673
233	1.04322241663
247	1.04795290174
255	1.76704306514
246	0.550804273761
255	0.327062624732
244	1.21814402913
252	0.614976812963
234	0.99789571837
247	0.805335237203
248	1.29958309805
245	0.628875919951
253	0.778094686556
235	0.859689566605
248	1.14194404403
249	1.6719529406
246	0.968636632873
236	1.09217289221
254	0.956581690624
250	1.04177063847
249	1.56287873117
247	1.15091882312
237	0.892922191625
255	0.720662737315
250	0.934802890068
251	1.16470493796
248	0.576781093111
238	1.01053991462
252	0.764548096803
251	1.07571213137
249	1.29310192025
239	1.04496186942
253	0.836869392183
252	1.78896415357
250	1.39222839783
240	0.885723586506
254	0.735434568194
253	1.03843411826
251	1.36406526327
241	0.732289986064
255	1.01591742149
254	1.08972902538
252	1.51215501412
242	0.829700188157
255	0.211722203369
253	1.54753348158
243	0.933672875441
254	0.875567221648
244	0.966073829905
255	0.468171901494
245	0.786420327914
246	1.14667127532
247	0.79969896227
248	1.41975700096
249	1.01701288633
250	1.47653732301
251	0.770744404641
252	0.527587489437
253	1.46343304268
254	0.933159059393
255	0.700614323325
